1;44.576350448;44.576350448
2;3.3084664520000002;23.94240845
3;3.283384827;17.05606724233333
4;3.3980469440000003;13.64156216775
5;4.78264861;11.8697794562
6;3.8785159570000003;10.537902206333333
7;4.034169313;9.608797507285715
8;3.7304745199999996;8.874007133875
9;3.156975843;8.238781434888889
10;3.2790121070000002;7.7428045021
11;4.147460892;7.415955083
12;3.336929697;7.076036300833334
13;3.8002634509999997;6.824053773923078
14;3.728570601;6.602947833000001
15;4.404711577;6.4563987492666675
16;4.40710884;6.328318129937501
17;3.980788515;6.1902281525882366
18;4.825917592;6.114433121444446
19;3.5269004479999997;5.978247191263159
20;4.577852299;5.908227446650001
21;3.408602237;5.789197674761906
22;3.276916796;5.675003089363637
23;4.654333081;5.630626132478262
24;3.221253417;5.530235602666667
25;3.50790582;5.44934241136
26;2.83209794;5.348679162461538
27;3.0206825939999997;5.262457067333333
28;3.29026182;5.192021522785715
29;4.290864922;5.160947157241379
30;3.764251986;5.114390651533333
31;3.014440563;5.046650326096774
32;3.165913781;4.9878773090625
33;3.0415064739999997;4.9288963746666665
34;4.067924487;4.9035736720882355
35;2.8631189960000003;4.845274967057143
36;3.2916474079999998;4.802118645972222
37;3.0901898780000003;4.755850300891891
38;4.211404193;4.741522771736841
39;5.725139213;4.766743706128204
40;3.088171778;4.724779407924999
41;3.3193808440000003;4.690501394170731
42;2.907223145;4.648042388238094
43;5.28034767;4.662747162232557
44;3.682102715;4.6404597884318175
45;3.7876600870000003;4.621508683955555
46;3.366435305;4.5942244800652166
47;2.811268019;4.556289236212765
48;3.7756715599999997;4.540026367958333
49;2.816328081;4.504848851897959
50;2.8200531769999997;4.4711529383999995
51;2.923576617;4.440808304647059
52;2.853287609;4.410279060500001
53;2.6880960139999996;4.377785040754717
54;3.523269969;4.361960687574075
55;3.040174857;4.337928217927273
56;3.6452664009999998;4.325559256910714
57;3.05532942;4.303274522929825
58;2.997742014;4.28076534174138
59;3.945570812;4.275084078525424
60;3.382416329;4.2602062827000005
61;3.450044367;4.246924939819673
62;3.145343825;4.229157502483871
63;2.789753284;4.206309816476191
64;3.824733949;4.200347693546876
65;4.275431241000001;4.201502825046155
66;2.790241375;4.180120075803031
67;2.884166126;4.160777479537314
68;3.3429956040000004;4.148751275485295
69;2.925424978;4.1310219088550735
70;2.687450509;4.1103994602857155
71;3.5895613600000003;4.103063712394367
72;2.865194986;4.085871091194445
73;3.785415776;4.081755264958905
74;2.803691609;4.064484134472973
75;2.779825954;4.047355358733333
76;3.574602008;4.041134919907895
77;4.0334807580000005;4.041035515207793
78;3.091926645;4.028867452769231
79;3.5000392419999997;4.02217342478481
80;3.550633547;4.0162791763125005
81;2.788815896;4.001125308654322
82;3.358080889;3.9932833035365864
83;2.55188384;3.9759170449397603
84;3.982745021;3.975998330369049
85;7.001404427000001;4.01159134327059
86;4.116509959;4.01281132717442
87;4.319459648;4.016336020517243
88;3.5030212769999998;4.01050289843182
89;5.904448368000001;4.031783184606743
90;4.968879018;4.042195360533335
91;6.975311380999999;4.074427404714287
92;3.976575986;4.073363802336957
93;5.538278037;4.089115568301076
94;7.682667405;4.127344843159576
95;2.767817216;4.11303402603158
96;4.918145255000001;4.121420601333335
97;10.225816613000001;4.1843525189793835
98;6.292178881;4.205860951244899
99;4.399460876999999;4.207816506050507
100;4.149412249;4.207232463480002
101;2.942904392;4.194714363762378
102;2.67096696;4.179775663725492
103;3.105530545;4.169346099466021
104;4.5064100520000006;4.172587099009617
105;4.188793439;4.172741445104764
106;6.413672823;4.193882307160379
107;4.713023077;4.198734090056076
108;2.916517933;4.186861718231484
109;21.168844013;4.342659720935782
110;5.149528042;4.349994887490911
111;3.8583385189999997;4.34556555083784
112;5.364234186;4.35466080650893
113;2.449547336;4.337801395265489
114;5.458575391;4.347632746105265
115;4.276926617;4.347017910200002
116;5.004329055;4.352684385586209
117;4.696111652;4.355619661367523
118;3.0665987009999998;4.34469575492373
119;2.8274120320000002;4.331945471537817
120;4.23326877;4.331123165691668
121;3.0148456759999998;4.320244839330581
122;3.007929247;4.309488154147543
123;4.388872137;4.3101335523821165
124;4.334472261;4.310329832290325
125;4.257451809;4.309906808104002
126;2.898881362;4.298708193452383
127;3.679872738;4.29383547333071
128;4.163183111;4.292814751750002
129;3.0147049139999997;4.28290692355039
130;3.673844562;4.2782218284615405
131;3.221668269;4.270156534114506
132;3.0045270690000003;4.260568432106063
133;4.0456620910000005;4.25895259495489
134;3.8686274480000002;4.256039720723883
135;3.718318663;4.25205660177778
136;4.458741392;4.253576342882355
137;3.41833141;4.247479664540148
138;3.5509908230000002;4.242432643949277
139;2.898874514;4.232766758122304
140;3.906877354;4.230438976664288
141;3.437245321;4.224813489744682
142;3.306321118;4.2183452336056355
143;3.179069446;4.211077570755246
144;3.33047634;4.204962284430557
145;4.350068341;4.205963015855175
146;4.301186487;4.206615231410961
147;2.906657091;4.197771978755104
148;3.9047209880000002;4.1957919044932455
149;2.862505799;4.186843675597318
150;2.985677056;4.178835898133335
151;3.243561678;4.17264202912583
152;3.1037847590000003;4.165610073401318
153;3.254741952;4.15965668698693
154;3.2136941510000003;4.153514073116885
155;3.855555285;4.151591758354841
156;3.0701302740000003;4.14465931294231
157;2.8920802610000003;4.1366811024203844
158;3.530169907;4.1328424239683565
159;3.874252661;4.131216073257864
160;3.386294347;4.126560312468753
161;3.219388891;4.120925707366462
162;3.247937946;4.115536894024693
163;3.306186271;4.1105715527791435
164;2.727641829;4.102139054463417
165;2.9822836699999997;4.095352052133336
166;2.775056599;4.087398465066268
167;2.88689605;4.080209827850302
168;2.8408778729999997;4.072832851928574
