1;44.017151428;44.017151428
2;3.614433914;23.815792671
3;3.1865989850000003;16.939394775666667
4;3.156197887;13.4935955535
5;4.59870453;11.714617348800001
6;3.7733268819999997;10.391068937666667
7;3.716929767;9.437620484714285
8;2.891668408;8.619376475125
9;3.099080827;8.006010292
10;3.348433998;7.5402526625999995
11;3.5471437729999997;7.177242763545454
12;2.773026852;6.810224770916666
13;3.315075466;6.541367132076923
14;3.518547758;6.325451462499999
15;3.128953681;6.112351610399999
16;2.537838307;5.8889445289374995
17;3.8099393449999996;5.766650106352941
18;3.0647683659999996;5.616545565222221
19;3.185375285;5.48858923468421
20;3.563021508;5.39231084835
21;3.405520951;5.297701805619048
22;3.055257553;5.195772521409091
23;2.6549575329999997;5.08530230452174
24;3.345601582;5.012814774416667
25;3.337876471;4.94581724228
26;2.88152582;4.866421418346154
27;3.048489187;4.799090594962963
28;3.602274276;4.756347155
29;3.070712534;4.698221823241379
30;4.228295621;4.6825576165000005
31;2.8278203079999997;4.622727380741935
32;2.6909967150000003;4.5623607974375
33;4.879764239;4.571979083545455
34;2.748711289;4.518353560176471
35;5.580120924;4.548689770571428
36;3.033250231;4.5065942278055555
37;3.2517829689999997;4.472680410000001
38;4.186014404;4.465136567736842
39;6.214257644;4.509985826102564
40;3.10384603;4.4748323312
41;2.843592239;4.435045987487805
42;3.087723264;4.402966875023809
43;2.5403202030000003;4.359649510558139
44;3.434425268;4.338621686863636
45;2.5683489;4.2992822916
46;3.2550197659999998;4.276580932347826
47;5.923744504999999;4.311626965808511
48;4.382823417;4.313110225208333
49;2.808469301;4.2824032675714285
50;2.701250097;4.25078020416
51;2.682908174;4.220037615333333
52;2.6244896410000003;4.189354000442308
53;3.915930756;4.184195071301887
54;3.5555612350000003;4.172553703962963
55;3.337511357;4.157371115836364
56;3.397872699;4.143808644107144
57;2.867194612;4.121411906701755
58;2.833872416;4.099212949965517
59;3.731659849;4.092983236389831
60;3.5763372749999998;4.084372470366667
61;3.19464147;4.0697867162622945
62;2.558676149;4.04541396517742
63;2.689731096;4.023895189476191
64;2.433856676;3.999050837703125
65;3.561467628;3.992318788323077
66;2.501009176;3.969723188136364
67;2.64035338;3.949881847716419
68;2.908197279;3.9345629570000007
69;2.630280571;3.915660313724638
70;2.923877324;3.9014919853000003
71;3.338297246;3.89355966502817
72;3.342540011;3.8859066142777783
73;3.627006555;3.882360038123288
74;3.119393561;3.8720496803243245
75;2.710199838;3.8565583490933335
76;3.95966201;3.8579149762105263
77;3.3379223259999997;3.851161824909091
78;3.943401832;3.8523443891025644
79;2.301520064;3.832713701443038
80;4.7435940389999995;3.8440997056625
81;5.791205899;3.8681380537283947
82;4.45206491;3.8752591129512193
83;3.294804229;3.8682656806144577
84;3.075594405;3.858829117809524
85;2.7718484020000003;3.846041109388235
86;2.478681024;3.830141573511628
87;2.585218021;3.8158321073908046
88;3.117977878;3.8079019456931817
89;3.28244566;3.8019979424831463
90;2.801091069;3.7908767549999998
91;5.226159286;3.8066490905054944
92;2.599591636;3.7935289007826087
93;2.7259339540000003;3.7820493852258066
94;2.522658287;3.768651607585107
95;2.071238738;3.750784103694737
96;7.746027032;3.79240121753125
97;3.170654881;3.785991461484536
98;6.126439899;3.8098735883979593
99;4.761219009;3.81948313810101
100;4.669883752;3.8279871442399998
101;5.1123674;3.840703780435643
102;1.9645514910000001;3.8223101305392153
103;5.312193317;3.8367750158446596
104;4.3442919810000005;3.8416549866634613
105;2.483681732;3.8287219080476187
106;3.4691013440000003;3.825329261216981
107;4.553771555;3.832137133121495
108;4.264065365;3.836136468601852
109;2.220949109;3.8213182359449545
110;3.4914768549999997;3.8183196779363637
111;3.10880251;3.8119276313783783
112;2.7143280140000003;3.8021276347946427
113;2.263025246;3.7885072596725657
114;2.8641972780000002;3.7803992773771924
115;3.320885331;3.7764035039304344
116;2.187322971;3.7627045338189653
117;2.896135816;3.7552979635811963
118;5.145874861999999;3.767082513567796
119;3.335575583;3.7634564049075623
120;3.202524559;3.7587819728583325
121;2.908716221;3.751756636066115
122;4.529033836;3.758127760655737
123;2.069333397;3.744397725178861
124;2.4770294880000003;3.734177013588709
125;4.590238255999999;3.741025503528
126;7.0978854380000005;3.767667249039682
127;6.055117832;3.7856786709527555
128;5.181511661;3.7965836161874997
129;3.360011585;3.793199336875969
130;3.080200243;3.787714728461538
131;3.51712347;3.7856491463358775
132;2.737465612;3.777708361984848
133;3.669162304;3.776892226210526
134;3.250827793;3.7729663722313425
135;3.1671314080000004;3.768478705829629
136;3.57034336;3.767021828286764
137;3.105043388;3.7621898688686124
138;3.253509778;3.7585037812536224
139;2.704063057;3.750917876762589
140;3.464580602;3.7488726105142844
141;2.835494345;3.7423947504751762
142;3.446545126;3.740311302415492
143;2.7548924670000003;3.7334202616083907
144;3.066734567;3.728790499840277
145;2.949061119;3.7234130558344822
146;2.504251506;3.715062634260273
147;2.44080037;3.7063941834829923
148;3.3678981020000003;3.704107047797297
149;2.952590861;3.699063314999999
150;2.488371877;3.690992038746666
151;2.4886381030000004;3.683029429900661
152;2.590755188;3.6758434151513146
153;2.560678413;3.668554755006535
154;2.41438198;3.6604107759480513
155;3.1206895840000004;3.656928703741935
156;2.9468714;3.6523770543589738
157;2.485126656;3.6449423384458592
158;3.343389984;3.6430337792405063
159;2.6948906189999997;3.6370706147106917
160;2.256117064;3.62843965501875
161;2.6409572239999997;3.6223062237701864
162;2.684660172;3.6165182851790125
163;2.8161629199999996;3.6116081295644173
164;2.37033817;3.6040394102987805
165;2.384403165;3.5966476754787875
166;1.988980645;3.586962934331325
167;2.545507255;3.5807266727784426
168;3.13333489;3.5780636264523804
