1;44.425076849999996;44.425076849999996
2;3.319040612;23.872058731
3;3.1973644319999996;16.980493964666667
4;2.865120524;13.4516506045
5;5.193527575;11.800025998599999
6;3.159610259;10.359956708666665
7;4.001115816;9.451550866857142
8;4.735401013;8.862032135124998
9;3.2545213570000002;8.238975382
10;2.879189071;7.702996750899999
11;2.98187994;7.273804313545454
12;3.488109572;6.958329751749999
13;2.7647129139999995;6.635743841153845
14;2.698640813;6.354522196285713
15;2.317111097;6.085361456333332
16;3.99717024;5.954849505312499
17;3.990132054;5.83927789052941
18;3.400014923;5.703763281222221
19;2.98471204;5.560655321157894
20;3.280360517;5.44664058095
21;2.8851624819999997;5.324665433380952
22;3.423350509;5.2382420277272725
23;2.469687104;5.117870074521739
24;2.6217744269999996;5.013866089208333
25;3.748293591;4.96324318928
26;2.332628864;4.862065715230769
27;2.672860751;4.780984049888889
28;2.49637089;4.6993907227500005
29;2.157294756;4.611732241137931
30;3.0657417369999997;4.560199224333333
31;2.6103412859999997;4.49730058116129
32;2.854913204;4.445975975625
33;2.322025337;4.381613835060606
34;2.1888481069999997;4.317120725411765
35;3.941437729;4.306386925514286
36;3.489146195;4.283685794111111
37;2.467741811;4.2346062270000004
38;2.093828003;4.178269957947369
39;6.314588573;4.233047358333334
40;2.184241558;4.1818272133250005
41;2.196765318;4.133411069536586
42;2.915147617;4.1044047968571435
43;1.9726315239999999;4.054828674232558
44;3.110909861;4.033375973931819
45;1.951585711;3.98711396808889
46;4.143282860999999;3.9905089440217396
47;3.341393475;3.976697976595745
48;4.298759396;3.9834075895000005
49;2.1518879980000003;3.9460296386530618
50;1.976209159;3.9066332290600005
51;2.152318546;3.8722349019411775
52;3.049580023;3.8564146158076933
53;2.453787931;3.829949961377359
54;2.36771932;3.802871616166667
55;2.4903719449999997;3.7790079857818184
56;2.646292496;3.758780923464286
57;3.021052071;3.7458383120175447
58;2.430712875;3.7231637355172422
59;3.264756702;3.715394124779662
60;2.465764009;3.6945669561833343
61;4.834256651;3.7132503938032797
62;1.7282722209999999;3.6812346168225814
63;2.501905834;3.662515112333334
64;2.079484014;3.637780251421876
65;2.079301052;3.6138036483538474
66;2.338209874;3.5944764699545466
67;2.3007761049999997;3.5751675092835833
68;1.583620553;3.545880054044119
69;2.47148371;3.5303090925362333
70;2.313608339;3.5129276532000016
71;2.774328814;3.5025248526478885
72;2.141378729;3.4836200453750013
73;2.444429936;3.469384564424659
74;3.35956181;3.4679004731486502
75;2.109639499;3.4497903268266685
76;2.356951151;3.4354108639868435
77;2.316649815;3.420881499714287
78;3.917002214;3.427242021692309
79;1.506087548;3.402923610632912
80;4.415243056;3.415577603700001
81;5.078469804;3.436107137037038
82;1.64644805;3.4142820262195133
83;1.496895642;3.3911809854457844
84;4.750356734;3.4073616491190486
85;3.5936445089999998;3.409553212176472
86;6.017310459;3.439875970860466
87;4.235693745;3.449023301597702
88;2.771804317;3.4413276313181824
89;6.208056118;3.472414468247192
90;6.733206979;3.508645496144445
91;1.606204684;3.487739553153846
92;2.826559087;3.480552808956522
93;1.7521971079999998;3.461968339053764
94;2.88278831;3.4558068493829794
95;4.625590743;3.4681203640526324
96;2.411873764;3.457117795302084
97;3.526130853;3.4578292701237117
98;1.8871637700000001;3.4418020711428574
99;1.846640954;3.425689332585859
100;4.456237257;3.43599481183
101;1.833139517;3.420124957425743
102;2.121164011;3.407390046186275
103;1.951292636;3.3932531781262143
104;5.56021158;3.4140893166057698
105;6.170520348;3.4403410407142863
106;5.676699445000001;3.4614387615094344
107;4.855078521;3.474463432158879
108;4.4292158;3.4833037318611115
109;5.534632574000001;3.5021232625229364
110;1.9301616400000001;3.4878327023181823
111;1.9181737229999998;3.473691630432433
112;1.978555204;3.4603421980535716
113;2.385465095;3.450830011300885
114;2.67247555;3.444002340587719
115;2.321012088;3.4342372079565218
116;4.083176475;3.4398315119827587
117;2.47245466;3.4315633337606837
118;2.697973814;3.425346473423729
119;2.213162974;3.415160057462185
120;3.298084703;3.414184429508333
121;2.1036687310000004;3.4033537212561984
122;3.954654185;3.407872577516393
123;3.387636796;3.4077080589674793
124;3.398278252;3.4076320121370967
125;5.994273788;3.4283251463439997
126;3.297432257;3.4272863138888887
127;4.423856670999999;3.435133324574803
128;5.135921591000001;3.44842073290625
129;4.844952304;3.4592465590387595
130;2.83678124;3.454458364276923
131;2.981319277;3.450846615519084
132;2.320944159;3.4422867484242428
133;3.18534244;3.4403548363308274
134;2.084720082;3.4302381590597015
135;2.5821765329999997;3.423956221088889
136;2.43792915;3.416706022036765
137;2.376684938;3.4091146272627735
138;3.239148113;3.4078829858550725
139;2.307628905;3.3999674888705034
140;2.981427332;3.3969779163214286
141;2.488563548;3.3905352612269506
142;3.487238155;3.3912162675211266
143;2.311703016;3.383667223804196
144;2.5707424580000002;3.3780219129305555
145;2.3582047250000002;3.3709886909448277
146;2.049145935;3.3619349734383563
147;2.085310202;3.3532504511836736
148;2.064907995;3.3445454345878383
149;3.3531922720000003;3.3446034670536915
150;2.153094263;3.3366600723600004
151;2.214390186;3.329227821456954
152;1.999927866;3.3204824270131583
153;2.061961468;3.312256799830066
154;2.398141603;3.306320986863637
155;3.237227496;3.305875222406452
156;2.46754315;3.3005012988653846
157;2.2436014180000003;3.293769452490446
158;4.274203847;3.2999747334683542
159;2.2640493769999996;3.293459479654088
160;2.096556987;3.2859788390749998
161;2.492275612;3.281049005366459
162;2.165778435;3.274164619129629
163;2.00542503;3.2663809406687108
164;2.161723073;3.2596452219634138
165;2.653078372;3.2559690592363624
166;1.649042261;3.246288777319276
167;2.011802247;3.2388966424071843
168;2.021119588;3.2316479694642846
