1;21.597203499;21.597203499
2;3.4710321;12.534117799499999
3;4.15136282;9.739866139666665
4;3.55516929;8.193691927249999
5;4.949786936000001;7.544910928999999
6;4.4162419900000005;7.023466105833333
7;4.001316709;6.591730477714286
8;4.020761945;6.270359411125
9;3.400878499;5.951528198666667
10;3.544164127;5.7107917915
11;3.899693354;5.546146479
12;4.075337751;5.423579085
13;3.6067551410000003;5.283823397
14;3.8865030750000003;5.184014802571427
15;3.676441368;5.083509906933332
16;5.313872465999999;5.097907566875
17;3.388158954;4.997334119058824
18;4.130790597;4.9491928122777775
19;4.674582995;4.934739663999999
20;3.662352865;4.87112032405
21;3.304648626;4.796526433666666
22;3.1756917760000003;4.722852131045454
23;3.163072876;4.655035641695652
24;3.427918268;4.603905751125
25;3.366675818;4.554416553799999
26;4.460958686;4.550822020423077
27;4.0317493970000005;4.531597108444444
28;3.287863335;4.487178045107142
29;4.254338899;4.479149109034482
30;4.221658766000001;4.470566097599999
31;2.9030190350000002;4.42000006332258
32;3.5064596900000002;4.3914519266562495
33;3.655781001;4.36915886830303
34;3.207124569;4.334981388911764
35;3.245724582;4.303859765857143
36;3.178395495;4.2725968694444445
37;3.011330615;4.238508592297297
38;4.075850786;4.234228123710525
39;4.895916257;4.2511944861025635
40;3.553570161;4.2337538779749995
41;3.242755785;4.209583192780488
42;3.6063114489999997;4.195219579833333
43;3.217621094;4.172484731325582
44;3.016804755;4.146219277318182
45;3.001935399;4.120790746688889
46;3.408449752;4.105305072891305
47;2.519877713;4.071572575872341
48;3.5717209709999995;4.061159000770833
49;3.781390849;4.0554494466530615
50;2.9651294669999997;4.03364304706
51;3.192009882;4.017140435980392
52;3.31252571;4.003590152788461
53;3.401106413;3.992222535056604
54;3.754503009;3.9878203216111108
55;3.369658594;3.9765810174727267
56;4.041682549;3.9777435448214282
57;3.3546393400000003;3.966811892105263
58;2.9497553400000003;3.9492764343103444
59;3.1978318129999996;3.9365400847966097
60;3.18517246;3.9240172910499993
61;3.255974872;3.913065775983606
62;3.335885397;3.9037564150322575
63;3.485846948;3.8971229314285707
64;4.5589633450000004;3.907464187890624
65;3.658805904;3.903638675830768
66;3.825629039;3.9024567116363627
67;3.814745035;3.9011475821343273
68;3.660277426;3.897605373955881
69;3.409288339;3.8905283154782597
70;3.1801028849999997;3.8803793807571414
71;3.838747857;3.8797930212676044
72;3.765189602;3.87820130711111
73;3.323599016;3.8706040154520536
74;2.999547019;3.858832974959458
75;3.7488943170000004;3.8573671261866656
76;3.699089055;3.855284519986841
77;3.499304619;3.850661404389609
78;3.717984516;3.8489604186410245
79;3.144968636;3.840049130253163
80;4.530996908;3.848685977474999
81;4.516293671000001;3.856928047765431
82;4.252970398;3.8617578325243893
83;4.397173335000001;3.8682086217108425
84;7.322634835;3.9093327432976177
85;3.6110941739999998;3.905824054247058
86;6.664617231;3.937903044674418
87;4.929747699;3.949303557942528
88;6.710386524;3.9806795007386357
89;3.680866052;3.9773108103033703
90;3.95234892;3.9770334559666662
91;4.295828596000001;3.9805366992637357
92;4.441237632;3.985544318097826
93;4.717266381;3.993412297268817
94;3.0518587900000003;3.9833957705957443
95;3.525732017;3.9785782573999997
96;3.809918533;3.9768213852708327
97;3.334535581;3.97019988213402
98;5.943083314;3.990331345724489
99;4.754913107;3.998054393818181
100;3.952776557;3.997601615449999
101;3.744613933;3.99509678691089
102;3.219976689;3.987497570264705
103;3.49040085;3.982671388514562
104;3.8573207800000002;3.9814660942019224
105;4.968855573;3.990869803523809
106;4.450551009;3.9952064186698104
107;6.109665919;4.014967722411214
108;4.342619444;4.018001534648147
109;4.235108916;4.019993345486237
110;4.8741343079999995;4.0277582633272715
111;3.290049109;4.021112234909909
112;4.936915541;4.029289050142856
113;3.8669076049999997;4.027852046203539
114;4.270736276;4.029982609622806
115;5.320002572;4.041200174513043
116;3.9575322799999997;4.040478899560344
117;3.567388844;4.036435394811965
118;3.516070122;4.032025519618643
119;3.19668515;4.025005852647058
120;3.7819015869999997;4.022979983766666
121;3.962640269;4.0224813084380155
122;4.006992228;4.022354348762295
123;3.985218582;4.022052431959349
124;4.858675983;4.028799396080645
125;4.332458172;4.0312286662879995
126;4.227637254;4.032787464603174
127;4.444069187;4.036025903362204
128;3.0438481339999997;4.028274514539062
129;4.621421123;4.032872550263565
130;3.651363811;4.029937867653845
131;3.593829877;4.0266087990229
132;4.469665705000001;4.0299652907348475
133;3.383469174;4.02510441767669
134;4.323233277;4.027329259910447
135;3.3177721350000002;4.0220732812074065
136;4.166619837;4.023136123529411
137;3.31794498;4.017988742919707
138;3.48471238;4.014124421449274
139;3.845809516;4.01291352284892
140;3.698700055;4.010669140935714
141;4.950119258;4.0173319077234035
142;3.458278536;4.013394912147886
143;3.269907447;4.008195699104895
144;3.7672640569999998;4.006522562701388
145;4.132515016;4.007391476172413
146;4.6676824980000005;4.011914017417808
147;3.299749433;4.007069360380951
148;4.1530514819999995;4.008055726067567
149;2.821672021;4.000093419322147
150;3.472953174;3.9965791510199997
151;3.4146074939999997;3.9927250340860927
152;3.5606437740000003;3.9898823942171058
153;4.139261293;3.9908587268888893
154;3.564798668;3.9880921031298704
155;3.489044968;3.984872444193549
156;3.2898296570000003;3.980417041711539
157;3.053510369;3.974513177554141
158;3.563041765;3.9719089281075957
159;5.576528634000001;3.9820008759433976
160;3.6506473649999998;3.9799299165000015
161;4.05080815;3.9803701539751564
162;3.1463903749999997;3.9752221306481497
163;3.196779406;3.9704464084110445
164;3.4777882680000003;3.967442395359758
165;3.1008808020000003;3.962190506915153
166;3.468935148;3.959219089090363
167;3.488205642;3.956398649287427
168;2.936955417;3.950330534809526
