1;21.548134043999998;21.548134043999998
2;3.6711699440000003;12.609651993999998
3;4.580170197999999;9.933158061999999
4;3.727091589;8.381641443749999
5;5.503453027;7.8060037603999985
6;4.508849162000001;7.256477993999998
7;4.00079317;6.7913801619999985
8;3.725131754;6.408099110999999
9;3.5548474260000003;6.091071146
10;4.066776093;5.8886416406999995
11;4.0370637799999995;5.720316380636363
12;3.584971378;5.54237096375
13;3.843267062;5.411670663615384
14;3.739135522;5.292203867785714
15;3.860409665;5.196750920933334
16;5.115642533;5.1916816466875
17;4.481340127;5.149896851411764
18;3.904603703;5.080713898722222
19;4.638301122;5.057429015736842
20;3.971160094;5.00311556965
21;3.208344416;4.917650276619048
22;3.485879222;4.852569774136364
23;3.1755353829999997;4.779655235391304
24;3.364255612;4.720680251083333
25;3.25727632;4.662144093839999
26;3.71022562;4.6255318448461535
27;3.76729496;4.593745293555555
28;3.342541278;4.549059435857143
29;4.47080918;4.546361151172413
30;4.447864329;4.543077923766666
31;4.845091507;4.552820297419355
32;3.314823602;4.5141329006875
33;3.147252077;4.472712269666666
34;3.145582353;4.433679036823529
35;3.126337103;4.396326410142857
36;3.323440941;4.3665240359999995
37;3.453459047;4.341846603864864
38;3.6221034;4.322905993236842
39;5.053677469;4.341643723384615
40;3.393251107;4.317933907974999
41;3.324817253;4.293711550536584
42;2.942420388;4.26153795142857
43;2.5301330980000003;4.2212727222790685
44;3.365015916;4.201812340318181
45;2.970627138;4.174452669155555
46;3.4072043990000003;4.157773358934781
47;3.82833552;4.150764043212765
48;3.67440049;4.140839802520833
49;4.424144201;4.146621524938774
50;3.132191105;4.126332916539999
51;3.323774674;4.110596480411764
52;3.5727342760000003;4.1002529764807685
53;3.2802594060000003;4.084781399679244
54;3.655493189;4.076831617999999
55;3.129605051;4.059609316781817
56;4.175531087;4.061679348392856
57;3.4642345569999997;4.05119786082456
58;3.050480344;4.033944110534481
59;3.449430225;4.024037095525422
60;3.317369893;4.012259308816665
61;3.277712393;4.0002175560983595
62;3.7638280610000003;3.99640482230645
63;3.592445471;3.9899927691111094
64;4.746696654;4.001816267312498
65;3.649298664;3.9963929195692294
66;3.833123236;3.993919136484847
67;3.897690631;3.9924828901343266
68;3.648306662;3.987421475014704
69;3.239563433;3.9765829526666647
70;3.05313073;3.9633907780571414
71;3.848074912;3.961766610929576
72;3.3990381579999998;3.953950937972221
73;3.360693495;3.9458241236849307
74;2.882094638;3.9314494009054046
75;3.557879285;3.926468466026666
76;3.7722276999999997;3.924438982263157
77;3.599067991;3.9202133849740255
78;3.0861690189999997;3.909520508487179
79;3.667908992;3.906462134860759
80;3.858144081;3.905858159187499
81;3.1549326030000002;3.8965874733086414
82;3.870251851;3.896266307182926
83;3.562605458;3.8922462969518064
84;4.2327714400000005;3.8963001677023805
85;4.881933048;3.9078958486470583
86;4.830768027;3.9186269204883715
87;6.358018338;3.94666590229885
88;5.55434919;3.964935030568181
89;4.869258106999999;3.9750959640112353
90;4.736394127;3.983554832488888
91;4.876996007;3.9933728673736257
92;3.887618486;3.99222336322826
93;5.029731788;4.003379367795699
94;2.79051444;3.990476549414893
95;7.914155305;4.031778431052631
96;3.37665959;4.024954276458332
97;3.6817825039999996;4.02141642313402
98;5.90996872;4.0406873649387745
99;4.612820203;4.04646648451515
100;5.850619743999999;4.06450801711
101;3.676629643;4.060667637168317
102;4.090914574;4.060964175764705
103;3.523178573;4.055742956320388
104;3.8255161109999998;4.053529236653846
105;4.8772225;4.0613739344
106;6.000634541999999;4.079668845792453
107;3.837634788;4.077406845252336
108;3.3563061939999996;4.07072998737037
109;3.9052393860000003;4.069211724972477
110;5.089484826;4.078486934981818
111;3.309744956;4.071561331567567
112;5.488016868;4.084208255999999
113;5.066125392;4.092897788176991
114;3.570762886;4.08831765745614
115;5.229958005;4.098244964826087
116;5.004311422;4.106055882560344
117;3.1556632220000003;4.097932868367521
118;3.5440812139999998;4.093239210279661
119;3.189484268;4.085644630932773
120;4.026161906;4.085148941558334
121;5.00207951;4.092726880140496
122;4.243102641;4.093959468344263
123;3.640710241;4.090274515276423
124;4.938919869999999;4.09711842942742
125;4.307649241;4.09880267592
126;3.72251673;4.09581627952381
127;4.413293546;4.0983161005196855
128;3.358757512;4.0925382990468755
129;3.8554096920000003;4.090700092790698
130;3.722221152;4.0878656394
131;3.319866545;4.08200305089313
132;4.373436112;4.0842108771136365
133;3.388491047;4.078979900947369
134;4.487138868;4.0820258633880595
135;3.63973569;4.078749639881481
136;4.330450567;4.080600381992646
137;3.4807258;4.076221735408758
138;3.525274305;4.072229362724637
139;3.938129628;4.0712646164316535
140;3.573871429;4.0677118079499985
141;4.94257416;4.073916505482268
142;3.383577722;4.06905496475352
143;3.2363257229999998;4.063231683342657
144;3.868878391;4.061882007701389
145;4.117261077;4.062263932317241
146;4.725990542;4.0668100049863005
147;3.210043594;4.060981662054421
148;4.2079169190000005;4.0619744678445935
149;2.897955684;4.0541622612416095
150;3.3522798039999997;4.049483044859999
151;3.562955273;4.04626100663576
152;3.513568958;4.042756453684208
153;4.1852961429999995;4.043688085640521
154;3.6849811829999997;4.041358820038959
155;3.60862704;4.038567002103224
156;3.3598861550000003;4.034216483852562
157;3.079537399;4.028135725350316
158;3.481521168;4.024676139544301
159;5.630204984;4.034773805232701
160;3.686567952;4.032597518649998
161;4.171104133;4.033457808180121
162;3.266469784;4.0287233142037016
163;3.20405235;4.023663983134966
164;3.126436777;4.018193085536582
165;3.0332032709999996;4.012223450296967
166;3.542624788;4.009394542692768
167;3.2118166820000003;4.004618627359279
168;3.077082388;3.9990975783154736
