1;44.755603603000004;44.755603603000004
2;3.686631461;24.221117532
3;4.55341959;17.665218218
4;3.634481035;14.15753392225
5;5.056386327999999;12.337304403400001
6;4.494642557;11.030194095666667
7;4.152892698;10.047722467428573
8;3.721822135;9.256984925875
9;3.625615502;8.631277212111112
10;3.580765396;8.126226030500002
11;4.077126693;7.7581260907272735
12;3.631289581;7.414223048250001
13;4.103632886000001;7.159562266538463
14;4.067807174;6.938722617071429
15;3.8342522129999996;6.731757923466668
16;5.131747141;6.631757249562501
17;3.772449067;6.463562650588236
18;3.9990753519999998;6.326646689555556
19;4.594067523;6.235458312368422
20;4.204469015;6.133908847500001
21;4.1355331070000005;6.038748097952382
22;3.3869243310000003;5.918210654000001
23;3.0612704170000002;5.793995861086958
24;3.882743465;5.714360344583334
25;3.574849667;5.628779917480001
26;4.669737134;5.591893656576924
27;3.987801264;5.532482827222224
28;3.270994145;5.451715374285716
29;4.079463003;5.4043963270000015
30;3.439713116;5.338906886633335
31;2.902641356;5.260317675967744
32;3.4893318869999996;5.2049743700625015
33;3.314245363;5.147679551666668
34;3.410508422;5.09658628314706
35;3.178774887;5.041791671828572
36;3.2639274019999998;4.9924065532222235
37;3.3781397269999998;4.9487777200810825
38;3.596437253;4.913189813052632
39;4.85022696;4.911575380923078
40;3.3833332570000003;4.873369327825001
41;3.3998356910000003;4.8374294830243905
42;3.130025173;4.796776999452382
43;2.389596075;4.740796047720932
44;3.276522786;4.707517109954546
45;3.353522566;4.677428342311112
46;3.506700906;4.651977745869566
47;5.097328211;4.661453287680851
48;3.656402763;4.640514735083333
49;2.80193196;4.602992637632653
50;3.590669044;4.582746165760001
51;3.31609701;4.557909907803921
52;3.5310899460000003;4.538163370076924
53;3.364894603;4.516026223528303
54;3.877089502;4.504194062018519
55;3.1214829909999997;4.479053860727273
56;4.272453241;4.475364563946429
57;3.481357588;4.457925845070176
58;3.042212493;4.433516994172415
59;3.441706771;4.41670665140678
60;3.361393563;4.399118099933333
61;3.337384502;4.3817126311147545
62;3.415767565;4.366132871983871
63;3.464467773;4.351820727555556
64;4.93093912;4.360869452437501
65;3.838674707;4.352835687123077
66;3.862957019;4.345413283060608
67;3.584047827;4.334049619537315
68;3.672064038;4.324314537455884
69;3.1171897410000002;4.306819975188406
70;3.153479566;4.290343683628572
71;3.880044745;4.2845648253380295
72;3.7404447879999996;4.277007602597223
73;3.3950946990000004;4.264926603917809
74;2.91492648;4.246683359000001
75;3.78274261;4.240497482346668
76;3.8046841810000003;4.2347630968026335
77;3.6627634149999997;4.227334529506495
78;3.1686172409999998;4.213761230935899
79;3.4768711100000003;4.204433507886077
80;3.854225817;4.200055911750001
81;3.031833216;4.1856334093333345
82;4.628834169;4.191038296646343
83;4.19913951;4.191135901626507
84;5.648519599999999;4.208485707559525
85;4.885585983;4.216451593152942
86;6.121679787;4.238605409360466
87;6.2240245299999994;4.261426318793105
88;4.734099336;4.266797603079547
89;5.007949913;4.275125157123597
90;5.44730157;4.28814933948889
91;4.511982573;4.290609045351649
92;4.142677474;4.289001093489131
93;5.498127715;4.302002455010753
94;6.7909969949999995;4.328481120329788
95;4.477159073;4.330046151410527
96;3.606561229;4.322509850135417
97;3.901431196;4.318168833082475
98;6.6597964119999995;4.342062992051021
99;4.6132375549999995;4.344802129050506
100;4.171896738;4.34307307514
101;3.48934256;4.334620297762377
102;3.208289565;4.323577839598039
103;3.494797003;4.315531423708738
104;4.013936201;4.312631469644231
105;4.6432285890000005;4.315780013638095
106;3.4874111109999997;4.307965212669811
107;4.356989842;4.308423386775701
108;3.69051158;4.302701981157408
109;4.395179324;4.303550397146789
110;4.289646377;4.3034239969636365
111;5.909837348;4.317896189315316
112;5.135127969;4.325192901633929
113;3.935917683;4.321747988194691
114;3.918097115;4.318207191061404
115;4.359603057999999;4.318567155121739
116;4.126335374;4.316909984594828
117;4.397013372;4.317594628931625
118;3.862615539;4.313738873932204
119;3.419546764;4.306224654521009
120;3.9007579889999997;4.302845765641667
121;3.320241478;4.294725069049587
122;3.735567742;4.290141812270492
123;3.936160664;4.287263916756097
124;4.913119621;4.292311140177419
125;4.3223417170000005;4.292551384792
126;2.74639734;4.280280320944444
127;4.493298717;4.281957631149606
128;3.1902438149999996;4.2734286169609375
129;4.133477261;4.2723437227286825
130;3.786230627;4.268604391223078
131;3.4348759799999997;4.262240052206107
132;4.4403748489999995;4.263589558242425
133;3.4970665600000004;4.2578262274285725
134;4.495138839999999;4.259597217074628
135;3.655802194;4.255124661348149
136;4.152834642;4.254372528852942
137;3.461918815;4.248588195175183
138;3.701493909;4.244623743826088
139;3.3804153660000003;4.238406417366907
140;3.471652298;4.232929602228571
141;4.953077512;4.238037034212766
142;3.5199996000000002;4.23298043256338
143;3.30612709;4.226498940657343
144;3.822348927;4.223692343340279
145;4.177628914;4.223374664517242
146;4.622736647;4.226110020561644
147;3.2934837480000003;4.219765624149661
148;4.030058223;4.218483817385136
149;3.063529915;4.2107324489127524
150;3.1004083590000002;4.203330288313333
151;3.4613969499999997;4.1984168224966885
152;3.563473969;4.1942395668815795
153;4.083288920999999;4.193514399261438
154;3.683865894;4.190204993383117
155;3.3395214390000003;4.184716712387097
156;3.329821323;4.17923661373718
157;3.162974667;4.172763607707006
158;3.70822458;4.169823487278481
159;5.220585272999999;4.176432051968553
160;3.49882159;4.17219698658125
161;4.061857506;4.1715116481925465
162;3.3254339749999997;4.166288946506173
163;3.433713336;4.161794617607362
164;2.898501021;4.154091607871951
165;3.059534921;4.147457930981818
166;3.643134634;4.144419838831325
167;2.963111753;4.137346137718564
168;3.0546540060000003;4.130901541696429
