4.276474803;4.276474803
1.2904712850000002;2.783473044
2.3177243819999997;21.5687505405
2.305376316;11.634869384
2.60042371;12.0724457245
2.816999572;22.1619390045
2.872653843;12.463834346999999
3.0402439279999998;22.047284285
2.959817609;22.4051755935
2.982792686;21.379371319
3.1752542669999997;22.414918932
3.455131316;22.6038658265
3.365642805;12.753658637500001
2.925232356;22.112003389
3.1290594649999997;22.3455322615
2.952874234;22.209289889999997
3.009526798;21.6076563745
2.7896503709999996;22.0912913835
2.867288085;21.358649368
2.617407319;21.9124162705
1.428048679;2.3316649223333332
1.465935053;8.245224606999999
2.6934719919999996;15.276991024333334
2.500643708;8.881845052333333
2.664637742;15.586402104000001
2.699551801;15.674476603333332
2.6634583039999997;9.390258526333334
2.885361484;16.03103104566667
2.886126116;9.271264936666666
2.696225927;15.835525704666667
2.816441836;15.882093233333334
2.796020745;15.829028422666667
2.75156547;15.170102702666668
2.791459723;15.736679834333332
2.795439289;15.673148689000001
2.792066598;15.335793115666666
2.690577899;15.624386888666665
2.7613881;15.159562278666664
2.485508629;15.436780390000001
1.494008706;2.12225086825
2.2060642130000003;12.0092593215
2.166378424;12.231396184000001
2.315726855;7.240315503
2.630976413;6.8416625584999995
2.359376211;7.5432927552499995
2.505134455;7.6689775085
2.622235874;12.0331359955
2.666580421;12.53841642225
3.0942827299999998;12.529428135
2.55099482;12.392610221750001
2.564975264;12.143088652749999
3.167064539;12.815039419000001
2.6612655629999997;12.4678262665
2.565463864;12.011037674999999
2.6249635980000003;12.374531066
2.266007537;12.14408717675
6.9608688050000005;13.65178712625
6.859690538;13.591566913000001
1.257127394;1.9492261734
2.660165;6.005363046799999
2.8245696120000003;10.1723213796
2.9001263020000003;6.3722776628
2.898987364;10.364914420000002
2.977901017;6.630214407599999
2.9935325;10.850738035200001
3.0498760149999997;10.633517711
3.160546052;6.7672912171999995
3.153163591;11.5520624192
3.1466791769999998;10.2558446318
3.259111563;10.682555450399999
3.289483219;11.5311501742
3.186549223;10.551398022
3.182833385;10.6108276902
2.9479727149999997;10.4892193958
3.145126322;10.3434961866
3.027594944;10.214349128799999
2.628649214;10.2409995842
1.701208702;1.9078899281666668
1.573704348;8.739218541
2.133767408;5.360097106999999
2.26936951;9.015656935
2.323124785;5.697418849833333
2.399184666;5.925042783999999
2.495703624;9.277215363166667
2.5271493019999998;9.463473246333335
2.510679999;10.027738478333333
2.493925298;8.9621914095
2.669479983;10.071632013166667
2.846856799;6.113885480833333
2.668091362;9.346811435666666
2.507747051;9.260314250333334
2.511092326;9.038095543166667
2.579460319;9.222741738166667
2.62306142;8.949134510666665
2.67926927;9.187561041499999
2.330847506;8.9226409045
1.280211401;1.8182215671428572
2.52556401;4.95516380742857
2.6537575070000003;7.869866964714285
2.7884147940000004;5.281846841857143
2.976429084;8.152910099142858
3.070278205;8.390510054857144
3.029651651;8.54435587557143
2.976309609;5.665660356285714
2.833279415;8.999958612142857
2.6770341550000003;8.319845665285715
3.217600465;5.538265309857141
2.691573138;8.289717652428573
2.970640125;8.435929819857142
3.133031764;9.080403406142858
2.99589349;8.109863135285716
2.6737396870000003;8.257015133714285
2.887886617;8.159494268
2.830508461;8.075045075
2.527664663;8.00907287
1.2383305210000002;1.7457351863750001
2.066878815;7.144493446
2.093026049;4.597396587624999
2.827444522;4.975046551875
2.9170723339999998;7.4984303785
2.975703278;7.71365920775
3.0223054900000004;7.854099577375001
3.245280829;5.251642249749999
3.2985334400000004;5.36976949175
3.4844370760000003;8.310518420125
3.492662085;7.5327130040000005
3.589049148;7.830069735875
3.7939920369999998;8.419601985
3.5333460370000003;7.721533211750001
3.544053125;7.6965095865
3.5363036400000003;7.5815954395
3.424262455;7.652921048874999
3.469334536;7.499331257624999
3.0857420280000003;7.39365651475
1.270112093;1.692888176
1.872148817;4.294591279777777
2.119707348;6.586183879555556
3.0309556659999997;4.759036453444444
3.139518766;5.016961862666665
3.455718707;7.049240192777778
3.39829974;7.359010706555556
3.676225764;7.265055491777777
3.392032674;7.336954506777778
3.364399523;7.0695670616666675
3.3647061359999997;7.237441314444445
3.324822733;7.2107666027777775
3.693003243;7.894424347000001
3.610121661;7.788252113555554
3.38132761;7.114899014000001
3.8941592689999998;5.205812800333333
3.227877454;7.161249538333332
2.8044505749999997;6.883744743666666
3.28231207;7.030773570111111
1.367888577;1.6603882161
1.888993328;6.1164648243999995
2.115547019;4.076686853699999
2.317505541;4.5148833622
2.287609542;6.5730771277
2.3066622900000002;4.745931905399999
2.385892814;6.777139224
2.4070294;6.863812575900001
2.484646713;7.257891573499999
2.7669041809999997;4.9619219384
2.537131441;6.7674103271
2.538475335;6.743537476
2.420479428;6.5697441559
2.44670279;6.6897948634999995
3.6861342059999997;6.7312237761
3.921177452;7.4970996575
3.912429998;6.9945020559
2.966008207;6.49197109
3.5859772629999997;6.762006838900001
1.289471355;1.6266685014545457
1.43652841;5.691016059454546
2.223293935;4.306557050636363
2.271580318;6.182031963181819
2.388892082;6.3782076656363635
2.427324007;4.535149369181817
2.44778465;6.462355491727274
2.490205043;4.737220402454546
3.275006836;4.003806852090909
2.558865413;6.59126236109091
2.6114880929999997;6.835491257090909
2.8551913140000003;7.075107989909091
2.563526445;6.385239065090909
2.729520923;6.367432607636363
2.5968752640000003;6.366568184000001
2.723147824;6.394837837545455
2.565532593;6.314861929818181
2.766207451;6.223968091818182
2.389910115;6.119056455909091
1.3420191890000002;1.6029477254166669
2.230600512;3.856039657083333
2.3612456280000003;5.413535190166667
2.2584863559999997;4.13588449275
2.310153046;5.85937538675
2.520682934;6.056747271333333
2.4430229260000003;4.360805498916666
2.5465446899999997;6.136037924916668
2.618983149;4.560700631333334
2.665923301;6.264150772750001
2.753122978;6.495293900499999
2.770132168;6.067657571000001
3.063492706;6.74080671625
2.832070421;6.089141678083333
2.7563350150000003;6.065715419916668
2.772373;6.092965767750001
2.7421039;6.017132094
2.862107312;5.943813026833333
2.5843246300000002;5.824495470416667
1.2960432419999999;1.5793396882307695
1.841470796;5.138761006
1.790861887;3.6971798286153845
2.235356823;5.762794159923077
2.2225079009999997;5.834997153846155
2.58718809;4.016754000230769
2.5121828059999998;4.218603753307692
2.56144148;6.419317082692308
2.9813648130000003;5.637989958
2.678350043;5.988319947384616
2.673909128;5.8065999984615395
2.595791181;5.820422409076922
2.705291735;5.832375457538462
3.741984394;4.497722459230769
3.253017594;5.626689479923077
4.292560926;6.325852902461538
3.8002498239999998;5.846602688615385
4.085459715;5.913388058000001
3.867883532;5.784126142615384
1.329819665;1.5615168294285715
1.4754013009999998;3.5384813623571425
1.812702751;3.859321768142857
2.0746114309999997;4.065461444571428
2.101331485;5.710677914357143
2.099457825;5.541804128928573
2.2419655609999998;5.564818348499999
2.317236217;5.656520069357144
2.351387141;5.583733434928573
2.923861572;6.082853521714284
2.4477173199999998;5.545811226714285
2.879259868;5.430444507642858
4.733305865;5.109799924500001
4.534302483;5.675044754428572
4.349505097;4.487135504785714
4.603432355;5.564092986357143
4.492179965;5.739081640357144
4.423061055;6.276727366428572
4.100625379;5.721890023642857
1.401767916;1.5508669018666668
1.4400263150000001;3.3985843591999996
2.071138639;3.740109559533333
2.469329983;4.933768595066667
2.312971042;3.948628751066666
2.872203845;5.488188693800001
3.050713564;5.3965343582
2.6971572740000003;5.8571404385333325
3.045510438;5.559510226866667
2.984096466;4.3869329022
2.990811614;6.057666316266666
3.237779689;5.545818032666667
3.311053382;5.3930874124666675
3.0525585769999997;5.4149884444000005
2.91335735;5.534654512066666
3.2933796940000004;5.413389104866666
3.169799696;5.490738711133334
3.04017432;5.378768766266666
2.8111548379999998;5.255825196333333
1.4044456850000002;1.5417155758125
1.4689614389999999;4.7172181478125
2.548551217;5.3044613515000005
2.620919646;3.8656469319999993
2.789493883;3.6806960797499997
3.168005552;3.3841731837499993
2.629162801;5.8433848465625005
2.711422857;5.317031470250001
3.082499393;5.391860617687501
2.910261403;5.2569436235
3.496237356;5.4305556724375
3.757705101;5.294107529625
3.5482367519999998;4.334514392812499
2.9787850440000003;5.3749126703125
3.037131366;5.23241642875
3.579780115;5.714805418312499
3.748813767;5.290320309625001
2.898244102;5.1084763779375
3.514435908;5.2962039108750005
1.24634733;1.5243409731176472
1.666417198;4.537759268411765
2.056873616;3.3060967385882343
2.631264547;3.6189648131176466
2.886705368;5.152495637764706
2.841976905;5.159609325235294
2.995261922;3.8144478137647053
2.96418887;5.674020377352941
3.2468801579999997;5.302104171588235
2.7866828729999997;5.111634167588235
3.0603336800000003;5.254711974294118
3.284537009;4.272751017294118
3.095239175;5.161197889941177
3.102298707;5.5611285529411765
2.975530185;5.179296100529412
2.995300824;5.10082139317647
3.203275337;5.173090465352941
3.0406978330000003;5.23760591517647
2.765473382;4.970652672294118
1.4530950390000001;1.5203828656666667
2.1914609059999997;4.40740935938889
2.165470135;3.2427285939444435
2.223989041;3.541466159111111
2.3776127729999996;3.7346236448333325
2.505282587;5.012146728666667
2.6075087050000003;5.0111074748333335
2.602973211;5.152152451555556
2.525041913;4.175656067055555
2.515573039;5.391931024388889
2.5684349600000003;5.017155504944445
2.717638319;5.509776929666668
2.712947186;5.113502819388889
2.741809408;4.9799772365
2.549989717;5.027362646
2.6483842589999997;5.038689887111111
2.552586821;4.959252805833334
2.574449623;5.089652787833334
2.282843415;4.821329935777778
1.272917431;1.5073583691052632
1.919393318;4.276461146684211
1.8829616999999998;3.171161915315789
2.380934058;4.873661851263158
2.494084464;3.669332108999999
2.628641819;5.019336102473685
2.910397599;4.900543797157895
3.013028761;3.5136536644736838
2.6960870690000003;5.361687989631579
2.830503953;4.104858587368421
2.662013257;4.984477052947368
2.6044188800000003;5.245219858894736
2.8146600250000002;4.901234690210527
2.64897963;4.857293151947368
2.610143661;4.910871664684211
2.6180033320000002;4.900554261052632
2.627158437;4.836510996947369
2.586302639;4.957897516842105
2.4034722929999996;4.694074270368421
1.4495079350000002;1.5044658474000001
2.303956051;3.1278016220999993
2.6356291489999997;4.194419546800001
2.3707544630000004;4.77405433045
2.441804522;4.752068984799999
2.537585162;4.89524855545
2.5051533129999997;4.02487332365
2.6777044489999997;3.6197507259999995
2.6846700759999997;5.227837093950001
2.665717727;4.789458842050001
2.53859541;4.74135826485
2.719277702;4.8712170854
2.38652234;4.829328758
2.430517112;4.7162113027000006
3.585843975;3.5172631799999996
2.4393596160000004;4.58133853765
3.457947128;5.15585622235
3.197995385;4.81542631725
3.2995807989999997;4.8303071214
1.2689055040000001;1.493248688190476
2.090905253;4.094252199476191
2.230485641;3.085072289666666
2.6339957519999997;4.672146779095239
2.967182885;3.491068880238095
2.8801188339999997;3.5845301597142853
2.934044241;4.665496377952381
2.681947937;5.038051065904762
2.6419809;4.6413879141428565
2.946733489;5.119213112761905
2.604703423;4.724325992904762
3.0808674689999997;3.9799206639047613
3.19063828;4.814076637571429
2.9460102779999997;4.779540570761905
2.9174072879999997;4.700313529952382
2.633321024;4.711516541380952
2.510930306;4.718928831714286
2.567288321;4.613881636904763
2.339143167;4.4745673295238095
1.361361313;1.4872538075000001
1.701040323;3.9854698414545457
2.0648131910000003;3.0386968760909085
2.33173871;4.565764594136364
2.385279574;3.440805729954545
2.619821069;4.572511136636363
2.683345145;5.008491841500001
2.819812809;3.9271884886818174
3.032226419;3.5594254442272724
3.0645514229999997;4.734552764181818
2.802242772;4.614037586409092
2.764982263;4.934729756681818
2.6807566240000003;4.552268310045454
2.914755361;4.694777606681819
2.648965875;4.629991442090909
2.67665132;4.6190226676818185
2.581583984;4.6217767931818186
2.6964374280000003;4.526725081954546
2.571867989;4.388080995863636
1.4122544659999998;1.4839929665652176
1.4973927699999998;2.9716836540869562
2.17707921;4.468361922434782
2.631250217;3.9265907273478264
2.1426717290000004;3.4978274566086953
2.5004040770000002;3.399918701565217
2.3989779170000003;4.633006031695652
2.7082760159999997;4.485004221173913
2.47613123;3.864099042652173
2.432976182;4.519208829695653
2.403639483;4.533193530826088
2.5337439880000003;4.464506382999999
2.810338867;4.612845487565218
2.9956022549999997;4.920974902956522
2.826608475;4.8430723096521735
2.441121502;4.436046665434783
2.4543912839999997;4.527542640608695
2.7162847919999997;4.536294933956522
2.2837520650000003;4.2965884336521745
1.593455681;1.4885539130000003
2.1138052750000003;3.851058000166667
2.139481026;2.937008544583333
2.105699596;4.385866528458333
2.305533282;4.378244062416666
2.433759058;3.453491273333333
2.296768498;4.811632969416667
2.4654761549999997;3.805823088999999
2.43523659;4.742745821333333
2.521153709;4.4359565330000015
2.348067708;4.442146621541667
2.473766311;4.450356241333334
3.425722399;4.582702546999999
2.666983727;4.3623357096666675
2.620140351;4.448067545208334
3.728580997;3.4136129638749995
3.1055228390000003;4.407882068666666
3.306179041;4.558401052291667
2.3295048350000003;4.214626617041667
1.255731297;1.47924100836
1.6745193329999999;2.88650897612
2.306441102;4.3026895114
2.381312051;3.372320927359999
2.536189813;4.304561892439999
2.553389511;3.41748720284
2.677771577;3.7607010285199993
2.756556913;4.729429927160001
2.728737972;4.3407163048
2.911309311;4.374970644120001
3.756796516;3.8472875408000005
3.081070113;4.49930781472
2.7511694159999998;4.37450753332
2.724209885;4.38131038708
3.5335632439999998;4.54073697488
3.224590424;4.68201960544
2.7401323860000004;4.37975013884
2.805595232;4.3000660905600006
2.423822551;4.1429944544
1.64214238;1.4855064457307694
2.139257783;2.857768545615385
2.278563854;3.7869520143846156
2.5415658160000003;4.2349539846538455
2.598872583;3.342572914115384
2.8393889469999998;4.2482090868461535
2.893539316;4.477383218769231
2.8561072309999997;3.7259089593846144
2.603741318;4.602085825153846
2.964888895;3.4000795756153845
2.713333252;4.430616485384615
2.8620253780000002;4.657606675269231
2.7052116770000003;4.310749145384616
2.532318221;4.303654098230769
2.6808319540000003;4.276874598999999
2.616113122;4.313418184576923
2.465867683;4.306139275153846
2.603334804;4.234807194923078
2.267414146;4.070856750230769
2.076025789;1.5073775325185186
1.478432972;2.806682042888889
2.40278169;4.179859924
2.297247355;3.672995566629629
2.967344689;3.756596187518519
2.75558252;4.180162448925926
2.9342803089999996;3.327450965777777
2.82912537;3.3789331235555555
2.578289203;4.362011771222222
2.4848596560000002;4.523670041111111
2.662657276;4.583719660481482
2.495553262;4.210899734666667
2.927671983;4.419986506333333
2.706754573;4.2513419390000005
2.502316661;4.24634035037037
2.770530703;4.24687175025926
2.482121987;4.238583079296297
2.679908319;4.177218347666668
2.3626100660000002;4.007588354518519
1.310901542;1.5003605328571432
2.072730134;3.6964581141785717
1.9794224669999998;2.777137058035714
2.539521444;4.121276406857143
2.462736499;4.350084720357143
2.518888314;3.3482172374999997
2.826448683;3.309558027107142
2.699211339;3.638217558499999
3.035268427;4.139273376714286
2.664412344;4.30138322025
2.5919767510000002;4.192078896571429
2.624786773;4.154252843178571
3.124849732;4.5316171630357145
2.589633628;4.187172253142857
2.733584566;4.192825779392858
3.041037283;4.470718871178571
2.683736867;4.123879723357144
2.548681838;4.178229463535714
2.247780213;3.9447380637499996
2.042674096;1.5190610005517244
1.9492789659999998;3.636210557344828
2.010310724;2.7506947706551728
2.398505556;4.079246900137931
2.460137189;3.280267653379309
2.334079386;4.233545157
2.707748972;4.072534081517241
2.431003194;4.400383847827586
2.655238846;4.139084412068966
2.896970181;4.475250025724138
3.0972737350000004;3.619564323206896
3.129280984;3.3406677115172414
3.210452568;4.310787059931034
2.628774267;4.13889296862069
2.6135442359999996;4.071799189310346
2.6173186809999995;4.124404953793103
3.193830551;4.121134833103448
3.084062476;4.149133984965517
2.711189927;3.9022019211034484
1.270551613;1.5107773543000003
1.777934391;3.574268018466667
2.132838253;2.7300995534000005
2.380368876;4.022617632666667
2.4792215029999998;4.2497348747
2.544006225;4.021583152966667
2.561748914;3.3147037516
2.61496506;3.5860776810999995
2.395018728;4.1722609426999995
2.422500598;4.064513691933333
2.580175698;4.087120788266668
2.564862377;4.339199798799999
2.409396958;4.0812431016
2.501103313;4.094199629233334
3.0761762480000003;4.428614233133334
3.500910015;3.2876223987666657
2.498777513;4.070217372433333
2.586743889;4.022297345966667
2.184830527;3.844956207966667
1.381919852;1.5066206606774197
2.261737053;3.531928309903226
2.111142695;2.7101332031290326
2.519225597;3.2628354051612893
2.468999233;3.5500428924516125
2.5067141360000003;4.366617455806452
2.7342436830000003;4.200848062064516
2.7991454250000003;3.9821496778709675
2.708495471;3.295148645774194
3.044882655;3.9910777946774196
2.6683620460000004;4.041354377225807
2.693080895;4.020273924290322
2.836194921;4.129162038774193
2.8371002549999997;4.290744974806451
2.658717828;4.035355189548388
2.550028987;4.021179037419355
2.700120103;3.979646467161291
2.826649521;4.0533109160645155
2.6362752730000003;3.805966500387097
1.216960242;1.4975687725937503
2.118452228;3.48775718234375
2.15482123;2.69277970396875
2.227811595;3.2304909110937494
2.223712519;3.9358476298125002
2.2553456850000004;3.9281870530937497
2.386713092;4.14415634425
2.409678642;3.2674777081562505
2.610734783;3.5206895140312495
2.3680021200000003;4.230659260593749
2.397604296;3.9695654984062494
2.698387992;4.3144852850625
2.362129607;3.9830668900937503
2.679678506;4.083865678374999
2.2895460069999998;3.96706550521875
2.3615828569999997;3.9290819793437506
2.76961426;4.001612498562501
2.429578074;4.00256926475
2.007843978;3.7497751715625
1.245029516;1.4899160678484853
2.107655765;3.4459359272727275
2.032445444;4.080165104848485
2.240917382;3.8844861071515155
2.2849722029999997;3.2377048140606064
2.1609628699999996;4.025595896303029
2.248772293;3.917420249757575
2.4692544790000004;3.9551774070606074
2.970812825;3.8991757128484847
2.537151171;4.179340833636363
2.435400238;3.9361679006363643
3.552495422;2.718831695424243
2.411042589;3.919913295636363
3.9383260460000002;3.251940460636363
3.834080203;4.2999275553030305
3.898686157;3.5321439577575755
3.701980316;3.993460508727273
3.724925746;3.9228954268181826
3.3307632050000002;3.737077839242424
1.289005672;1.484006938558824
1.708699343;3.3948407336176474
2.136876781;2.7017153744117652
2.184670355;3.220550163411764
2.206011923;3.8351192193823533
2.265001555;4.026777941617646
2.3134745349999997;3.852537442911765
2.4311898849999998;3.4997629556176464
2.448001906;4.245459153852941
2.573262231;3.218162385147059
2.4806391750000003;3.980155992735293
2.527766221;4.130765109735294
2.520668303;3.9129859628235306
2.480939745;3.875170823147058
2.619341117;3.897437701117648
2.5410258530000003;3.950741842382353
2.438613481;3.8763456540294112
2.5898005840000002;3.8836867549705887
2.201192681;3.691904746352941
1.369195124;1.4807266010000004
1.900434105;3.352143401371429
2.008346943;2.6819048478000007
2.241865251;3.1925877373428566
2.361113124;3.793004759514287
2.402851127;3.8111178338857146
2.390774848;3.9800349960857138
2.353955962;3.4670256129428565
2.437931454;4.1938155052857145
2.6542144530000003;3.2020495870857144
2.47708545;3.9372111200857134
2.551918783;3.874098329114287
2.562651904;3.837670282599999
2.6108256780000003;4.087338268828571
2.4752135330000002;3.8568027248857146
2.613476788;3.9125342694
2.593447953;3.846822789200001
2.715481883;3.8431781177142854
2.382089406;3.6544814509142856
1.3093272;1.4759655065277781
1.4970881589999998;3.300614089083334
2.10589061;2.665904452305556
2.1932388919999997;3.164828047194444
2.5469162420000004;3.7583911895833344
2.543528788;3.7759070270555557
2.628171845;3.443724119388888
2.659653064;3.186983017
2.744755965;4.153563851388889
2.591209463;3.803046370944444
2.63943087;4.047118618861111
2.715814194;3.841923769805556
2.893697601;3.9082246334444437
2.5792661509999997;3.821315597833334
3.265726318;3.9601930883611107
2.480670259;3.8053306771944437
2.6517519849999998;3.877512539277778
2.613304915;3.8125584038055558
2.352965394;3.618328227111111
1.2355562359999999;1.469467958675676
1.7299084379999998;3.2581625850000004
2.495805688;2.6613071884054063
2.6549386100000003;3.151047251594594
2.711538136;3.730097863810812
2.631672509;3.7449817698108108
2.6186355960000003;3.923934777756756
2.6047786889999998;3.421049918567567
2.620831784;3.1716816323243244
2.637563299;4.112590863486487
2.5916048220000003;3.8726403142162154
2.496943645;3.805572955621622
2.5346018640000003;4.006239787648648
2.630098985;3.771345090243243
2.6829624119999997;3.790549295513514
2.6713323019999997;3.7746820724594587
2.802581774;3.7852617381351354
3.043000728;3.8549581660000003
2.599921932;3.590803732648648
1.3326921489999999;1.4658685952631583
1.396331873;3.2091670399473684
2.123585101;3.687821212157896
2.331668853;2.6526324953684215
2.304794578;3.1287774443947365
2.282957649;3.706507450842105
2.68927987;3.1589868491052635
2.817987283;3.894830896315789
2.753881894;4.076835364289473
2.6296573829999996;3.8399302370789465
2.848758123;3.405989608157894
2.559220964;3.9681603449210523
2.561359809;3.7395033723157893
2.7925439699999997;3.7789142981052635
2.5936160129999997;3.7590510512368427
2.67385715;3.82387656031579
2.4947523890000003;3.7409997123684207
2.5848654969999996;3.753672363368422
2.205281074;3.554342610052631
1.391771555;1.4639686711538467
1.66696674;3.1696234425128207
1.9801369420000001;2.635389019641026
2.3939516640000003;3.6546450698974375
2.811880098;3.120651871410256
2.7395304190000003;3.865207807153846
2.68310258;3.3874540433333324
2.827058298;3.6839574725641024
2.693826978;3.1470596729230773
2.6974582650000003;4.041466720717948
2.632471458;3.8089697555641018
2.661315165;3.750257910076923
2.672074334;3.934927370282051
2.644161946;3.7114176947179485
2.522201173;3.727336951794873
2.5111528429999996;3.790216977820513
2.488483808;3.721231631179488
2.441624377;3.707682396076923
2.338156391;3.523158348025641
1.222260856;1.4579259757750003
1.918479903;3.1383448540250005
1.946788544;2.6181740077500004
2.107168476;3.6159581550500013
2.156133483;3.6457618728249996
2.2371180180000003;3.358695642699999
2.33499494;3.8269524854749997
2.694424;4.0077906527
3.150653765;3.1214019187499997
2.9654395730000003;3.1425191704250004
2.85827948;3.785202498674999
2.846264185;3.72765806695
2.820007135;3.6891324307249995
2.8203557019999996;3.7659704459250003
2.770766965;3.6974700145250012
3.0373180069999997;3.7100864781750014
3.2822029379999997;3.918609259475
2.7621787319999997;3.6840448044749996
2.608623493;3.5002949766500002
1.279650125;1.4535777842926834
1.5224004730000003;3.098931576439025
2.059811834;3.5780033667317084
2.050139102;3.095273557365853
2.2152481859999997;3.330806680341462
2.737877043;2.62109359397561
2.198820162;3.963669421219512
2.308618718;3.1221801350000002
2.726383163;3.6233380018536585
2.434583352;3.696119659268293
2.360246553;3.7316844973170733
3.0394239969999997;3.8077444735609753
2.590886372;3.6623459414878043
2.437796539;3.6790550162439035
2.879167549;3.7631040852682913
2.757603215;3.8902920388780484
2.486007281;3.6679221429756113
2.548342204;3.65634474104878
2.36059338;3.4724973767317078
1.266707627;1.4491284948333338
1.632627589;3.0640195767380956
2.017066965;2.606712007571429
2.033953372;3.541240271619049
2.203975534;3.0740521758571426
2.372414816;3.5935541164761906
2.805287961;3.3182943298809513
2.9252642719999997;3.9389454890952376
3.136773696;3.7917689788571427
3.022173801;3.1197990318095243
2.883326526;3.866316669523809
3.061771116;3.7464056812380937
2.906557328;3.644350974499999
3.029276945;3.680242451785714
2.890613751;3.6602826051666675
3.294790156;3.7212822510952384
3.2703154690000003;3.6584553174047634
3.247814072;3.6466178203571427
2.9348976510000004;3.459697383261905
1.3020318990000002;1.4457076437674423
1.6403495929999998;3.0309109724651164
1.8909604260000001;2.590066621953489
2.089880451;3.507487717651164
2.325033888;3.056633145906977
2.387033002;3.565495485906977
2.3765337239999997;3.9026103317674417
2.486218916;3.2989437388604643
2.711386943;3.766643815232558
2.6120018810000003;3.1079897957441864
2.70322145;3.7221455828372076
2.615430362;3.8372262902790695
2.531485092;3.653527164348837
2.478859075;3.6923886888604653
2.6812951149999997;3.621954326604651
2.6040760620000003;3.6357196623023262
2.4553782689999997;3.63047678139535
2.450648158;3.618804572395349
2.221554305;3.4309033581860473
1.298441925;1.4423606956136368
1.5134286529999998;2.9964227379318187
1.984744088;2.576309291636364
2.36226364;3.481459897704547
2.4327811010000002;3.042454690340909
2.560511466;3.5426549400000003
2.554029802;3.2820138766590903
2.7114824640000004;3.7426628754318183
2.664270053;3.097905256136364
2.7930216310000002;3.8773924067499994
2.626631852;3.809712780318182
2.7977672090000003;3.7011369834318164
2.6701907;3.631178608340909
2.634192878;3.599505202772727
2.589541112;3.667323971204546
2.614212295;3.612503585772728
2.502775722;3.593440280340909
2.5843676770000004;3.6067015744772735
2.257118728;3.404226434772728
1.3486795420000002;1.4402788922000005
1.373580144;2.9603595691777778
2.0671268879999998;2.564994127111112
2.0171904609999998;3.4489205768888906
2.1472472120000003;3.022561190822222
2.4439279189999996;3.5182387839777784
2.330515349;3.711281819288889
2.647044755;3.2679034517333325
2.696885893;3.0889937147333337
2.7417607889999998;3.679817512444443
2.6098489490000003;3.783049139622222
2.953143393;3.8568535397777777
2.685080719;3.5791846586888885
2.7713923140000003;3.6120722462444443
2.673896822;3.591645657688889
2.690571809;3.6456183676000005
2.5370626080000003;3.569965220955556
2.669045983;3.5858647835555564
2.348830872;3.380773200044445
1.3836325059999999;1.4390474490217395
1.8231281639999999;2.935637147326087
1.819162835;2.548780403369566
2.3156401580000003;3.0071933422826085
2.2510575250000002;3.679537812891304
2.442988892;3.494863786326087
2.7756294539999997;3.434283813347828
2.9042384309999996;3.259997690413043
2.945692066;3.8370456816521736
3.102585822;3.0892891953260873
3.1121409680000003;3.6674767179999987
2.883228929;3.596227826304348
2.6973478770000003;3.5722044015869567
3.019198574;3.7664436925434783
2.957166008;3.5656625141086953
2.647020849;3.5499012128695653
2.929863354;3.6300584760000003
2.74472442;3.5675791234782617
2.401125661;3.3594765144130445
1.2238075819999998;1.434467877382979
1.3414974119999998;2.901719280617021
2.075845131;2.987377422893617
2.288241733;3.4098999392978744
2.5936674600000003;2.5497354471276603
2.322385288;3.4699174352978726
2.287824703;3.6499268956595743
2.742737124;3.744662701723404
3.109384324;3.2567931507021273
2.9717518089999997;3.652674060361701
2.679697017;3.5468121843829783
3.089183813;3.0892869531489366
3.1745261559999998;3.822949521531915
2.6356816690000002;3.5522783860000002
3.086581045;3.5853842777659577
2.974379715;3.61610786406383
2.918946419;3.553778427638299
2.912346059;3.5363362095957447
2.619117412;3.3437241930851074
1.33785344;1.4324550766041673
1.9940387780000002;2.882809270145833
1.87242391;2.5356247901041673
2.505647766;3.391061352354169
2.51938553;3.4501146872708333
2.4173771929999996;3.239305318249999
2.4871786900000004;3.6257029747083336
2.842185351;2.9843525880625
2.675217431;3.7990384363125
2.682423057;3.080810621979167
2.680464272;3.6324196897708325
2.605382411;3.7209276956666666
2.578617968;3.5644099796458337
2.5179234459999997;3.5307293247500002
2.499557004;3.5928463878125
2.582325491;3.5335398247916676
2.9993738039999998;3.5354072181249996
2.63018775;3.5174581166875
2.398761022;3.324037460354168
1.314042641;1.4300384962857149
1.956635888;2.8639077725510202
1.9419477859999998;2.5235089328775517
2.09503241;3.3646117821020427
2.205639592;2.968460486102041
2.414499496;3.4289796833673467
2.383297608;3.770145766346938
2.6275070289999998;3.22681963887755
2.684733259;3.606499511122449
2.728710504;3.6139766451632642
2.5513264049999997;3.5437348046530612
2.680420839;3.6996928618571423
2.9670908789999997;3.0784898108979597
2.6856131020000005;3.5180644810612236
2.5269861849999997;3.5102447708775513
2.434418239;3.495355262040816
2.6744777859999997;3.57410417144898
2.680801318;3.51613699812245
2.345644065;3.3040702482040825
1.3549567630000001;1.4285368616200005
1.530846354;2.83724654418
2.058614133;2.514211036880001
2.220911096;3.341737768380002
2.387526465;3.5821200502000003
2.555937771;3.41151884512
2.657868778;2.96224865194
2.55582199;3.213399685899999
2.646115259;3.7476651561999996
2.6020176540000004;3.068960367760001
2.626874589;3.594234604039999
2.541331102;3.6765256266599993
2.600540146;3.52487091148
2.673906921;3.501181329859999
2.5817576289999997;3.4916750280400004
2.6808366340000003;3.5562388207000004
2.612125309;3.4980567643400007
2.492366893;3.47529549466
2.277295623;3.2835347557000008
1.270467018;1.4254374529215692
1.8461743590000002;2.817813756235294
1.824492924;2.500687152313726
2.281586236;3.3209504834313748
2.253031187;2.948342427137255
2.3340163130000002;3.557647427901961
2.32126748;3.1959068975490186
2.481794231;3.39328895072549
2.4702765110000002;3.7226183200196075
2.410835123;3.056055951196079
2.483406376;3.5724536583921562
2.339941381;3.650318092431372
2.26445541;3.500156882039216
2.381623642;3.4792292183333324
2.297005001;3.46825012554902
2.325048969;3.452741641215686
2.463297727;3.477767371450981
2.6591820950000002;3.5386494731372555
2.1871895319999997;3.262037790529412
1.313364437;1.4232822026153853
1.7733894380000002;2.797728673192308
1.734536834;2.485953492346155
2.340467892;3.373042391903846
2.832555055;2.9461157469038466
2.822344735;3.5435069915000006
3.271848757;3.3200062194615403
3.113947044;3.19433074651923
3.152979788;3.7116637328653845
3.093903749;3.056783793461539
2.958947867;3.6370225111730763
3.1501614370000004;3.5643326541346148
2.981291866;3.490178708653846
3.045694439;3.4708920110384605
2.9424490299999997;3.4674727879615395
2.718870187;3.251592259692308
3.4010145819999997;3.5360026483076927
3.4482005410000003;3.467864556615385
3.2195492519999998;3.4482571721923074
1.315910723;1.4212563256415103
1.6581131329999999;2.7762264931886795
1.864923069;2.47423593718868
2.011826695;3.29532358692453
2.38383964;3.3543781890377353
2.322175589;3.5204630027735857
2.455257811;3.6879579607547166
2.73423959;2.942118083566038
2.5419516869999996;3.5450424472075466
2.55430201;3.04730300509434
2.694078114;3.1848920176037727
2.453782934;3.614697236132075
2.465955192;3.451930938981131
2.510084867;3.4716863720188678
2.575879152;3.4510346433207553
2.531893438;3.517057191509434
2.655894543;3.452159990886793
2.645774328;3.43311598645283
2.491045842;3.237242327283019
1.378641952;1.4204671705740748
1.751819355;2.4608578523333344
1.833735226;2.758772951203704
2.02155409;3.2717352629074092
2.423248642;3.3371350492777774
2.288824606;3.4976548843148154
2.466917857;2.93331807937037
2.442144921;3.17113744174074
2.41068579;3.6643047724074074
2.488737345;3.5254812416111103
2.331142403;3.5909277021851844
2.501169803;3.037189427277778
2.421065932;3.4522304379444444
2.4193688700000004;3.432809419185184
2.497952468;3.433384973407408
2.4557365399999997;3.4974031053703705
2.3835885130000003;3.4136802925
2.5060740519999998;3.434639880907408
2.404079762;3.2218133908888893
1.389502864;1.4199041831818187
2.3705158529999997;2.7517137312363635
2.4066195550000002;2.4598717014727285
2.270850246;3.253537353509093
2.436307769;3.320756371454545
2.555042027;2.9264403329636366
2.600567274;3.1607634386909083
2.6880091569999998;3.0308406950909097
2.60654842;3.573029897054545
2.87080481;3.6498775003636363
2.882264941;3.5137863997818175
2.621171123;3.4371202685818183
2.748142706;3.420360933490908
2.592676127;3.480953523945455
2.73850315;3.4207507584363643
2.642005223;3.420228341672728
2.66646817;3.4000946175454545
2.46844119;3.2081157145090913
1.5507663189999998;1.422241007035715
1.761682085;2.7340345946964284
1.9273594299999999;2.450362553767858
2.0226625129999998;3.2975761239821426
2.111485682;3.233143573660716
2.175286151;2.9130268654285714
2.2873583010000003;3.1451669183749997
2.265315692;3.625153182357143
2.4077400360000003;3.0197138976071436
62.753137661000004;4.575027298436365
2.596356902;3.4974037301785708
2.545334429;3.4047354601964277
2.635776812;3.4228105639999997
2.7794212959999998;3.5588583148928565
2.605159932;3.4061866365357147
2.489435965;3.4036070492321437
2.3887059020000003;3.382034104767857
2.8816166720000003;3.4702510801607147
2.3794605499999997;3.1933183008571433
1.294678972;1.4200030765964917
1.971522189;2.7206571840701756
2.009428705;2.4426268722105275
2.364558857;4.535554647696429
2.485026993;2.9055180957368423
2.69148474;3.286942941807017
2.8373334359999998;3.226199536157896
2.522710847;3.1342466364210524
2.597521347;3.4816163199473675
2.708407514;3.014252382105264
2.924377476;3.612858871719298
2.656629307;3.5430297358070173
2.6633595;3.409486861122807
2.659078177;3.3916537534736833
2.675310745;3.3933642524736847
2.468603191;3.366009001017544
2.61132519;3.389707367491229
2.7853886400000003;3.4582359496315793
2.3910000399999998;3.179242541894737
1.291524719;1.4177879325000005
1.627550586;2.7018105185862074
1.8801577280000001;2.4329291283448287
2.5413447590000002;3.214391695172415
3.0441175229999997;4.509389084105264
3.31990346;3.287511226603448
3.351558302;2.9132084441206896
3.269463474;3.1365779612068962
3.327365898;3.6079365790689657
3.327615111;3.0196551877758626
3.4139547379999997;3.480449740948275
3.3025009460000003;3.5388826877068964
3.1936823370000003;3.4536746804482767
3.237593791;3.390678554862069
3.447147677;3.39261054525862
3.5376909700000003;3.4116972767931033
3.221172809;3.3868015992413802
3.105331456;3.3615145605862065
2.883240477;3.1741390580172415
1.396292482;1.4174236028305092
1.6659678340000001;2.684253862915255
1.9947656059999999;2.4255026279661025
2.083358055;3.1952216334745778
2.366976968;3.2719089510338977
2.554312275;2.9071254582033896
3.765304817;4.496560045017242
3.768458799;3.147287805915254
3.858574969;3.486858643118643
3.9395927470000003;3.035247349796611
4.0663182849999995;3.6157057605254237
3.846543222;3.544097273033898
3.826027225;3.4187198182881353
3.783800139;3.3992408773559313
3.767389899;3.397063492898305
3.7568030520000004;3.458812449457628
3.6714473560000003;3.3667676588135587
3.809070753;3.3939587035423737
3.478712876;3.1793013261186442
1.331166156;1.415985978716667
2.1044218810000004;2.6745899965500004
2.032428731;2.418951396350001
2.090690815;3.176812786500001
2.3118499459999997;3.255907967616666
2.374939633;4.4606003770169504
2.445622504;2.8994337423
2.4507020670000004;3.1356780436
2.426470014;3.59588516475
2.574313642;3.0275651213333337
2.662682686;3.473122377166666
2.769354631;3.5311848956666667
2.7070080630000004;3.4068579556999996
2.7154396430000003;3.387844190116666
2.635186854;3.4450853562000012
2.790056196;3.386946704616667
2.699775807;3.3823889886000007
2.596594425;3.3539314382499996
2.4207839349999998;3.1666593696
1.329493019;1.4145680613442628
1.832468996;2.4093369307704924
1.969919711;2.663038024655738
2.306355676;3.1625429978032797
2.2942186259999997;3.24014256857377
2.3246395630000003;4.425001030116667
2.401074855;2.8912639244754095
2.518127537;3.1255542648032786
2.5277427269999997;3.5783746329836066
2.7358925010000004;3.0227836029672135
2.8268699;3.462528074262294
2.761536745;3.5185677128688524
2.782309597;3.377917393508196
2.8530812350000003;3.397779648803278
2.750962958;3.376520741557377
2.904259226;3.4362193540655745
2.689274007;3.343035414786885
2.869482594;3.373980687049181
2.573555288;3.1569363518688527
1.589684577;1.417392521274194
1.747425066;2.3986609329516138
1.8359465249999998;2.6496978391774197
2.218238648;3.147312282483872
2.26153718;3.224358610693548
2.390894114;4.391655015098362
2.645594688;2.8873015174354837
2.6422127399999997;3.1177584337580644
2.710860518;3.5643824698387094
2.738849147;3.450855833499999
2.743540864;3.0182796878225813
2.649732649;3.504554244096774
2.656489579;3.3662814610161282
2.583915691;3.363736789129032
2.8293212260000002;3.3886109645645157
2.632423593;3.4232549063064526
2.614190075;3.3617259997580655
2.53501624;3.3300028474516123
2.317845035;3.1434026209516133
1.281041309;1.4152282163174608
1.59081942;2.6328902452222227
2.088432609;2.3937366738412704
2.3077070060000002;3.1339852146031757
2.445501995;4.360265450258065
2.629050119;3.2149092695555552
2.638648976;2.8833546516984128
2.6249862889999998;3.1099366536825395
2.581509978;3.548781319174603
2.7228439790000003;3.439300089777777
2.623688032;3.4905722407301583
2.585753425;3.3758671940952376
2.951882863;3.0172257699682548
2.577924496;3.3537678583968247
2.52063519;3.350354224063492
2.568363352;3.409685199095239
2.647200597;3.3503843266984137
2.5295724;3.317297602253968
2.319806461;3.1303296660317463
1.416477447;1.4152477355468756
1.736330974;3.1918064836874995
2.633103224;2.6328935730156253
2.580218822;2.878618154359375
2.674411785;4.333505868269842
3.422182847;3.138488302609376
3.123066184;3.1101418025937497
3.772327198;2.4152771507812507
3.1563088109999997;3.4853493746406246
3.609513793;3.549730264078125
3.582629516;3.0260602035000006
3.6746865029999998;3.442978002484374
3.410140457;3.3546486802499995
3.531609555;3.3783006684843744
3.243954834;3.34869173359375
3.259928807;3.348970959203126
3.535398415;3.411649468093751
3.279475895;3.3167066380781245
2.9604031;3.1276745634375005
1.325194138;1.4138622955846158
1.551500101;2.616256750369231
1.9130580089999998;2.4075507024461547
2.296971151;3.125541884892309
2.651093628;3.1834878243692306
3.1464262090000004;2.882738278276923
3.3376530430000004;4.317945667875001
3.7083868229999997;3.1193455721384615
3.694998196;3.5519651553384617
3.760697075;3.4478659882153835
3.862811029;3.0389332931230775
3.786944821;3.489989304584615
3.749442462;3.360722430738461
3.839845912;3.3854013645384606
3.684525678;3.3538584096615383
3.6939178950000002;3.415992059276924
3.585321446;3.320839173584615
3.3170232609999997;3.1305876203230776
3.8186897699999998;3.3561974024461545
1.294817023;1.4120585793333338
1.776806347;2.6035378048636364
2.068252556;2.4024098214393947
2.357055476;3.1138981514242436
2.3329363990000003;3.170600681560606
2.727367944;2.8803841823030303
3.188376692;3.1203914981969696
3.410145973;4.303979518723078
3.326113014;3.5485431531969693
3.244576779;3.042049103515152
3.278387459;3.44529813171212
3.205880881;3.4856846315
3.173003263;3.3578782009242416
3.2792983359999996;3.3837937428939386
3.134551961;3.350535584681818
3.17055908;3.412273377772728
3.02810955;3.316403876257575
3.283323062;3.355093245772728
2.9282479699999997;3.1275218680454553
1.416914903;1.41213106177612
1.6209296100000001;2.5888720109104475
1.916714237;2.3951606336119413
2.083025525;3.098511992820897
2.504901253;3.16066486919403
2.932486672;4.283199324075758
2.9276929089999997;3.539276731641791
3.099571541;3.4401380333432825
3.126576755;3.480324812447761
3.399374329;3.0473823158358218
3.880932641;2.8953177413880598
3.393248838;3.3839348637164175
3.290878577;3.3496451815820896
3.55853764;3.3608731179253724
4.15914322;3.1358952552388057
3.099734768;3.3131700089701486
3.35996232;3.4114926157164187
3.2820432740000003;3.3540029476865674
2.898056568;3.124097012820896
1.3245163549999999;1.4108426102058829
1.7344946780000001;2.576307638367647
2.428023894;2.395643916852942
2.537273483;4.257140729432836
3.2828568430000002;3.101222946500001
3.0212941129999997;3.1342099443235294
3.3775446149999997;3.1638542772205884
3.636565071;2.9062184374117646
3.475635484;3.5383408309411766
3.749998247;3.0577149030588244
3.558239449;3.4814706159264706
3.7183064409999997;3.4442287452205873
3.5417200600000003;3.3635326317794108
3.663874452;3.3880516223676462
3.528968462;3.4132202016911775
3.545813223;3.3525300057205882
3.539282156;3.3567276419264713
3.4378391809999997;3.315003379147058
3.16228884;3.1246586573382356
1.3037738110000001;1.4092908884782613
1.8994456599999998;2.388452637768117
2.0490084310000003;2.5686656208695653
2.448316915;3.0917605402463777
2.9187572879999997;4.23745862
3.287529875;3.1656466771884055
2.995505598;3.530473653652174
3.318412703;2.912192267347826
3.231503557;3.1356199966811595
3.131676579;3.0587868114057977
3.077207294;3.4756117272028986
3.238786608;3.441251322942028
3.202102142;3.3853567023623183
3.109965642;3.3598577478695644
3.2008661529999998;3.350331978869565
3.0826158180000003;3.352755006797102
3.313793482;3.4117792347391314
3.076633507;3.31154874331884
2.777656891;3.119629646231884
1.30645767;1.4078218425000004
1.525378483;2.5537615189
1.825709443;2.3804134492714293
2.148267586;3.0782820694714297
2.531692595;3.1565901903
2.942101508;2.9126195422142858
2.8757142320000004;4.217723194086957
3.012105196;3.1338554995285715
3.015365751;3.5231149693285713
3.047849283;3.0586305610000006
3.09217461;3.4362645127571416
3.0853906579999997;3.4700371404999997
3.063164316;3.380753953985714
3.055998625;3.355516903257142
3.2403553830000003;3.348760884642857
3.255644424;3.409548737442858
3.3897174519999997;3.353283041728572
3.231220172;3.310401192299999
2.955949216;3.117291354371429
1.385802025;1.4075117042253527
1.382551454;2.537265602492958
1.703913578;2.3708852820704234
2.02487284;3.0634453197605644
2.278017217;4.1900131087000005
2.444130683;2.906021107577465
2.663342965;3.1496430462816902
2.447704162;3.1241913961830985
2.483099915;3.5084668699718304
2.669178728;3.0531453239154933
2.737935536;3.426428893366196
2.8554891419999997;3.461381534887324
2.826275274;3.372944395112676
2.678163473;3.3393158506760563
2.9195297609999997;3.3493762392816895
2.7508393420000004;3.4002711403239445
2.73557025;3.344582861563381
2.6431590430000003;3.301003415549295
2.445389713;3.107827950971831
1.8522350539999999;1.4136884174166673
1.952825488;2.5291483786805555
1.878890656;2.3640520233750006
2.168523125;3.0510158448333344
2.3536115530000004;3.1385870533194447
2.43239969;2.8994430323333336
2.369690517;4.164374762338028
2.410645128;3.1142810313472222
2.477260964;3.494144565722222
2.641276995;3.047424930458334
2.794280926;3.4176490604861103
2.7282881050000003;3.4511996816944444
2.800497805;3.364993748027777
3.02496976;3.3448705937361103
2.8458559500000002;3.3324622409444444
3.036105554;3.3402984545138894
3.2126240090000002;3.3976649301666675
3.048519381;3.2974966928472216
3.085271853;3.1075146718333335
1.4817811609999998;1.414621194726028
1.4708399790000002;2.514651003342466
1.6997594870000001;2.354952125616439
2.125968711;3.1247155691780826
2.42962904;3.042503696821919
2.207781166;2.8899682122465755
2.357168482;4.139274675111111
2.37977873;3.1042193559863014
2.502899819;3.4805658705616436
2.504439197;3.4382303599863016
2.414633892;3.3321276252191776
2.38886571;3.3195362610684933
2.408439249;3.384113893438357
2.500625091;3.3287960796712333
2.4987900009999997;3.2865555052876707
3.549375639;3.0543009675616446
3.5433508529999997;3.419371002849314
2.465747023;3.098723334178082
3.452393094;3.3661909993424652
1.366510237;1.4139710466486493
1.525659235;2.343745464932433
2.150985898;3.0304561590000008
2.682210564;2.51691532172973
2.39659654;3.114876122837838
2.5874294669999998;2.8858798508243244
2.727373171;3.099126839972973
2.761166277;4.120396477876712
2.7399199100000002;3.4705571413648646
2.8025871689999997;3.050899429743244
2.715271329;3.3237917293243235
3.046922347;3.4143379129054043
2.955822376;3.360645477405405
3.1299786739999997;3.4340647966621622
2.7947635490000002;3.3124447379324327
2.7890428259999998;3.376072392527028
2.705086108;3.278697810729729
2.864261914;3.322518590945946
2.50207787;3.090660557635135
1.282085383;1.4122125711333338
1.4393276590000001;2.5025474862266672
1.801913918;2.3365210443066675
1.986931601;3.0165424982266678
2.777851662;3.11038246336
2.835589818;2.885209317053333
2.808390625;4.102666669054054
3.1572241549999998;3.09990147084
3.076215227;3.4652992491733325
2.8905727619999997;3.4268182362
3.109945856;3.4102793521466657
3.3232208140000004;3.0545303815333336
2.98286258;3.3192460073333323
3.1246340679999998;3.357498658613333
2.954560782;3.307672951853333
2.736453063;3.2714678807599995
2.89812988;3.3168600748
3.050091384;3.371725979080001
2.474448573;3.08244439784
1.348774253;1.411377856421053
1.99856314;2.4959161132500003
1.955691525;2.331510129578948
1.961300139;3.0026577303421065
2.4557936519999997;3.1017694526842106
2.72430175;3.09495936925
2.807861773;4.085402603773334
2.952627485;2.886096398210526
2.8118532839999997;3.456701275947368
2.835509493;3.402716590842104
3.032725976;3.0542434814605266
2.940904714;3.420424637223684
2.7952327759999998;3.3123510963947362
3.0121853759999997;3.352955062789473
2.951371559;3.302984775631579
2.853202451;3.3107593165921054
2.77610586;3.26494995943421
3.0741750320000003;3.3678108350394744
2.5065004170000003;3.0748661875657897
2.006565772;1.41910756961039
1.8040347630000002;2.324659800142858
2.086242651;2.4905956786753247
2.1383830899999996;2.991433384363637
2.111881361;3.0889137631818184
2.320460215;2.8787504737532466
2.574411525;3.0881990076363635
2.665781023;4.066723372447369
2.634917639;3.4460287611818172
2.631174744;3.0487490822727277
2.6181733169999997;3.392527717155843
2.5886405800000003;3.3430289006753235
2.5898204209999998;3.4096375694805197
2.6610492759999995;3.3038926311948043
2.4592430629999997;3.299700663948052
2.633750599;3.2942934226883116
2.715543144;3.3593398260649363
2.483903456;3.2548064983506486
2.4048347910000003;3.0661644811168833
1.258791125;1.4170522305769235
1.965178293;2.483859558346154
1.9648118239999999;2.320046364551283
2.11984708;2.98025920097436
2.196063971;3.0774669709743594
2.33346494;4.044213522675325
2.453700468;2.8733011147051277
2.4149195469999998;3.079567219679487
2.372691682;3.432268029397435
2.420976983;3.3800719385128195
2.371693009;3.330575876423076
2.420615137;3.396957794705129
2.487326062;3.2934238290256403
2.420444331;3.3473027043333343
2.447017716;3.2834309136282047
2.501773372;3.289470826871795
2.364400739;3.243391039897435
3.5137249030000004;3.05471031074359
2.272262604;3.055986251923077
1.5687749100000001;1.4189727708227855
1.766621347;2.47478059364557
1.893870142;2.3146517288227857
2.158783755;2.969860777607596
2.447245965;3.071563153164557
2.4733147989999997;3.420129380911391
2.79714863;2.8723371592025315
3.069330464;3.07736397721519
2.7793137999999997;3.0512242789620254
2.71316273;3.2860787518227843
2.814036074;3.277489206797468
2.77286695;3.3400313656708867
3.58198702;3.382627825620252
3.453989599;3.3976797162784815
2.9468626380000003;3.239637515822784
3.717897023;3.335478675746834
2.733459321;3.051903632544304
3.201235897;3.2883539290253165
4.740616297000001;4.053141763371795
1.462932162;1.4195222632125006
1.426734663;2.4616800195125004
1.874207581;2.309146176975001
2.37826127;2.962465783762501
2.4837767250000002;3.0699441365625004
2.842516784;2.8719644045124997
2.897812989;4.038517348506329
2.8476016600000005;3.0687636345000002
3.056211197;3.0512866154375002
2.999035872;3.4148657120499983
3.1799794780000004;3.380094721274999
3.154924019;3.333221742537499
3.204530173;3.395265346987501
3.052204396;3.2746731466624994
3.278476201;3.2859837199374993
2.99312298;3.2365560841249996
3.161367946;3.3377980729250005
3.133088071;3.2864131058
2.778451943;3.048485486425
1.473199996;1.4201849512716056
