4.3269190779999995;4.3269190779999995
22.808027965;22.808027965
23.256367785;23.256367785
23.014438054;23.014438054
23.773867206;23.773867206
23.942011073;23.942011073
23.539803218;23.539803218
23.361976506999998;23.361976506999998
23.509733243;23.509733243
23.694500174;23.694500174
1.329459926;2.828189502
40.10696179;40.10696179
40.103408016;40.103408016
40.243288834;40.243288834
40.639314058000004;40.639314058000004
40.17775373;40.17775373
41.015046792;41.015046792
40.906026243;40.906026243
40.879804109999995;40.879804109999995
40.995804021000005;40.995804021000005
42.096246377;42.096246377
41.708655161;41.708655161
40.06581933;40.06581933
40.533335171;40.533335171
39.616995463;39.616995463
39.727466054;39.727466054
39.239743147;39.239743147
39.480484231000005;39.480484231000005
40.174910145;40.174910145
39.468482069;39.468482069
40.082137039;40.082137039
2.372196615;13.0730319105
2.61433599;13.2781735315
2.667207765;21.385307890500002
2.859822741;12.833925353
3.144336278;21.625649034
3.743267652;13.4998177185
3.2015443369999996;22.1082955645
3.4018489169999997;13.4708260675
3.4303488040000003;13.222393429
3.497480363;22.068397210500002
3.4161084550000003;22.161067349
3.428334487;13.395155497
3.451594059;21.8474414465
3.340661761;22.718454069
3.521580997;13.608040585500001
3.5543333629999996;13.532033302999999
3.469076941;21.8234153355
2.9751851609999997;22.341920161
3.270598842;22.075201475999997
2.653595991;21.824700006000004
1.659866466;21.096600818499997
1.67699486;20.871407095
1.766345937;20.746905995499997
1.785346683;20.701171073
1.958589749;20.599166448
1.9993249690000001;21.087117557
1.862156258;20.9721466485
1.9680797710000002;20.724282001000002
1.8344372530000002;20.651459660999997
1.422315529;2.3595648443333332
2.283994979;9.317281894999999
2.223352301;9.740995912666666
2.383288012;15.211528693333333
2.2841350830000002;15.018250288000003
2.2762593150000003;9.610868792666666
2.4281321659999997;9.524731995666667
2.44554221;15.527445543666667
2.7392672780000002;9.728018045333334
2.9517479570000003;9.964466697333334
2.800206426;15.672265851666667
3.007465639;15.776533445666667
2.946517499;16.127808545666667
3.149981328;15.614954740333333
3.0907217989999998;15.579184156666665
3.536253409;10.250778193333334
3.492567316;10.185544640666665
3.072039699;15.740814216999999
3.5380974569999997;10.109469483666667
2.4755575960000002;15.374985869333337
2.9645474400000005;15.882795920666666
1.66713764;14.469983943333332
1.768365552;14.653855729666665
1.735121762;14.379154636
1.7136967829999998;14.402502924666665
1.9829120269999998;14.393748307666664
2.028176351;14.734137154999999
2.00214011;14.648811135666667
1.98984862;14.479470874
1.973102758;14.425340693333332
1.446710365;2.1313512245
2.100269766;11.933713961499999
2.30325348;7.563774791249999
2.2310117959999998;11.821440665
2.226804221;7.764852649750001
2.27385796;7.71201348675
2.2817131589999997;7.876175224249999
2.68090031;8.1435751005
2.6126512539999998;12.29874697125
2.7854249220000002;7.9923697645
2.894720409;12.556080186500001
2.9508180389999996;8.376862990249998
3.125918757;12.4926957445
3.271079646;8.39987202425
3.628688283;12.661371459500002
3.139022905;12.469143843749999
3.2717967199999998;8.506032825
3.2954779039999997;12.919725885250001
3.13591132;12.589588492749998
3.278661329;12.73176227275
2.9774331270000003;12.275597683750002
1.650982218;11.265233512
1.748480581;11.427511942499999
1.7815198829999999;11.24725716425
1.76353829;11.2252505495
1.6576192470000002;11.209716042499998
1.913366895;11.52894459
1.91795545;11.46609721425
2.04390064;11.3705783155
1.8532899579999997;11.282328009499999
1.315054586;1.9680918968
2.2809511160000002;6.507210056199999
2.394740821;6.6485589536
2.4720471870000003;6.706291557200001
2.481110244;9.9533745808
2.47236962;6.795414103399999
2.707408223;10.0884528138
3.136586557;7.1421773918
3.242489645;7.042393740600001
3.235963559;10.7762898794
3.150896185;10.6750433862
3.313252964;10.501648169800001
3.4697870429999997;10.6881140042
3.318143884;10.999409485000001
3.4852982900000002;7.398550050199999
3.529787541;7.425855127599999
3.531077277;7.5110417154
3.5201225409999997;10.679339583199999
3.302421448;10.732155083799999
3.151733147;10.8157564476
3.2129664090000003;10.463071428800003
1.5963291979999998;9.3314526492
1.725180132;9.487045580399998
1.8670254609999999;9.3536055318
2.117162788;9.421238289
1.999211411;9.367615116199998
2.014044475;9.625964567
2.125283049;9.5979343812
2.014768982;9.4994164488
1.820588966;9.3899802008
1.411297627;1.8752928518333334
2.264228839;8.784415484666665
2.423684758;5.826622506499999
2.498337637;8.710868423500001
2.549616685;5.965401908833333
2.6762764619999997;6.108891163166665
2.924628345;6.076014355166667
2.930980688;6.4403112745
3.0358407470000004;6.374634908333334
3.05506801;9.2605514765
3.037493429;9.486490471000002
3.16490767;9.423354100166668
2.8778212880000003;9.645811452166667
3.0370146719999997;6.694381718333332
3.1117148510000003;9.425380812
3.135764865;6.688085852666666
3.2650639380000004;6.8033787525
3.14539325;9.423681860999999
2.977592953;9.439728061999999
2.92084212;9.499937393000002
2.5007680019999996;9.136020857666669
1.6852647429999998;8.186748774166665
1.849946199;8.0845349075
1.690576274;8.076433988833333
1.727206365;8.138899635
1.728531123;8.094434450666666
1.817350055;8.324528814999999
1.854928249;8.307433359166666
1.873679239;8.228460247166666
2.038831618;8.164788770333333
1.344948152;1.7995293232857144
2.20226238;5.522621215857144
2.413291084;5.580948294714284
2.550260376;7.830781559571428
2.674715604;7.911601215999999
2.720242309;5.501807680285714
2.852064907;5.401685706571428
2.916283514;5.936878737285714
2.887995643;8.543848352714287
2.991621604;5.891347293428573
2.94438336;8.35824174557143
2.895344471;8.490781296
2.750533581;8.660771756285715
2.9000525550000003;8.493191061000001
2.976503865;6.256682339999999
2.973867334;8.502279785714284
3.154983969;6.188753468428571
3.2381774169999997;6.195241790428571
2.9305335329999997;8.509843129285713
2.763914615;8.537648424714286
2.76961398;8.226534160857145
1.825661014;7.190410065571428
1.934090164;7.293511829857141
1.826781561;7.237168481571429
2.172604532;7.233029780714285
1.9426861770000001;7.215613268714285
2.0285908409999998;7.4251091044285715
2.0519194499999998;7.413788514999999
2.006121657;7.339554734285714
1.838763804;7.261070918000001
