1.3486884769999998;2.8966412535
1.3173384940000001;2.8978180835000003
1.830194945;21.5223493985
1.848838394;20.502135791
2.106509426;11.991136020499999
2.6084287180000003;11.884642715
2.433275304;21.0398644715
2.359116503;21.178048196000002
2.650649959;22.0059283985
3.490792401;21.491368472999998
2.765926991;12.1117430585
3.61440431;12.686124376
2.575469273;21.286509890500003
2.597742192;21.247773525999996
2.930745663;21.458163927
3.410685439;22.3309025425
2.1141317269999997;21.13706021
1.397131508;20.3295036115
1.5657094980000001;19.9040352045
1.434227377;2.4091699613333333
1.494435435;2.4300238673333334
2.101395715;14.368555765666668
2.1553432750000003;8.641542901666666
2.6283734180000002;15.224357405000001
2.335080454;15.105939133333331
2.385735339;9.252661363666666
2.353109593;8.778460544666666
2.371747456;14.817158799666666
2.3246949960000003;15.662166693666665
2.221682145;14.859259512333336
2.215942497;8.813142871333334
2.2973900410000003;15.436415612666666
2.322084937;14.965034906000001
2.2247921689999997;14.906779740333329
2.923260791;15.279862881666666
1.775818321;14.683312913666668
1.3861496910000002;14.015052304666668
1.336182364;13.714750924333336
1.49345229;2.1802405435
1.296990823;2.1467656062500002
2.079336493;11.938102177000001
2.048183318;6.99320300575
2.164129555;11.317449213000002
2.27014908;11.89699162
2.307053448;7.5162593847500005
2.3110866299999997;12.324396677749998
2.152227993;7.14791415175
2.172307091;12.12038848225
2.718437593;11.824054032500001
2.164956096;11.721323829249997
2.351351733;11.811614112750002
2.6044628860000003;12.11101288275
3.881220979;7.55415065325
1.894734549;11.486168322500001
3.820956025;12.068108106
1.361597044;10.8516884895
1.587053673;10.682826611500001
1.4314681719999998;2.0304860691999997
1.430075618;2.0034276086
1.700909169;9.890663575400001
1.887473535;5.9720571116
2.080497598;9.47005889
2.1499176419999997;9.947576824399999
2.314182284;6.506156979399999
2.4507517290000003;6.503157853600001
2.3788888929999996;10.3352951208
2.392456358;10.132977756399999
2.367208267;9.932684879400002
2.6342859450000002;10.2156674952
2.712054809;6.260742283200001
2.8412320429999998;10.2645571944
2.685954506;9.986482191400002
2.6063208700000002;9.898323237399996
2.169041821;9.622743022200002
1.2960036890000002;8.9405515294
1.2768248229999999;8.8016262538
1.378237103;1.9217779081666666
1.5158585;1.9221660905000002
2.3944547640000002;8.641295440166667
2.400647566;8.291823669333334
2.3959070970000003;5.376032109166666
2.3588412749999996;8.682787566166667
2.330286834;5.810178621833333
2.408413904;5.820700528666667
2.197054127;8.978921621833333
2.317170847;8.8303432715
2.413308044;5.619503243333334
2.433851052;8.959439504
2.712618541;8.729340489666667
2.56998613;8.941387267666668
2.4763272379999997;8.734789699166669
2.3434214790000003;8.63917294433333
1.920373596;8.3390147845
1.3365887410000001;7.673224398000001
1.2926870369999999;7.550136384333334
1.419724361;1.8500559728571428
1.357625976;1.8415175027142858
1.874532279;7.375067756428573
1.9589387360000001;7.6866730538571435
1.851303465;4.872499445714285
2.3729381910000003;5.328163051857144
2.47256553;5.333376751571428
2.775165624;7.838841574428572
2.578636917;8.064595235428571
2.888528576;7.981512600714285
2.456051125;5.167581512142858
2.666593287;8.044988127571429
2.9744637480000002;7.907215240857143
2.584113527;7.856121674571431
2.4521116430000003;7.755307044142855
2.8108849169999996;8.081074563
1.9448981760000001;7.425569554714286
1.319464786;6.765544453428572
1.201649318;6.643209660571429
1.530859467;1.8101564096249998
1.4314084990000002;1.79025387725
1.9145306839999998;4.5027533505
2.0225335589999998;6.978655617000001
2.1832238200000003;6.726087264375002
2.101853577;7.12171807475
2.478453415;4.971949347250001
2.5502224019999997;4.985482457874999
2.800461052;7.4065784625
2.965415446;7.354500456375
2.758226572;7.26359165725
2.816149415;7.4229589195
2.796870473;4.87124263225
2.789282436;7.3880249161250005
2.713878115;7.2133412296250015
2.632682808;7.114979014624998
2.0426110570000002;6.752699742500001
1.493459159;6.106533791625
1.4852871850000002;5.998469351125
1.384710701;1.762884664222222
1.5768722699999997;1.7665448097777778
1.9351294600000002;6.418263821777779
2.072492101;4.232724322777778
2.680998102;6.276632913000002
2.506280282;4.697986117777778
2.57748697;4.717927403666667
2.7729139970000003;6.638517621666668
2.469295709;6.857991489888889
2.615938098;6.747185706222222
2.39729451;6.8645517628888895
2.530306991;6.84827848
2.530388698;4.611147750666667
2.458940927;6.685074529333335
2.334893662;6.583858419888887
3.18770213;6.891522864555555
2.304285108;6.258431449777778
1.926532246;5.642089175444444
1.371202266;5.484328563888889
1.516514722;1.7382476699999998
1.389025996;1.7287929284
2.047396853;5.981177124900001
2.3179399750000003;5.8807636192000015
2.226766757;4.0321285662
2.6518623470000002;4.4933737407
2.742141053;4.5203487686
2.375111031;6.409703444
2.836704717;6.258336331200001
2.576980693;6.4600686474
2.566482106;6.3291153462
2.568827995;4.406915775100001
2.571839141;6.4206345461
2.50626197;6.176098774899998
2.863199235;6.4644165100999995
2.7945333019999996;6.296020406600001
2.1788081139999997;5.850469116200001
1.2847240819999999;5.2063526661
1.3150702;5.0674027275
1.340152204;1.7020571730909089
1.252542702;1.6854974532727274
1.976766987;5.617139839636365
2.046401485;5.532185243363638
2.179347214;3.8636938978181816
2.5694056259999996;4.342990301090908
2.972156959;5.959592751909091
3.0011228620000003;4.357714569909091
2.726013067;6.120609049181818
2.7083851;6.073219958181818
3.035475369;6.152694588181817
3.02812633;6.112224708272728
2.912079306;5.988389397454546
3.121497238;4.290059544454547
3.382721671;6.061261375727273
3.0016259169999997;5.887510333272726
2.408113573;5.537527703181819
1.3803462260000001;4.858533898818181
1.284277778;4.723482277545455
1.399712445;1.676861779083333
2.069800099;1.7175226737499998
1.6821818050000001;5.2113516235000015
2.453999609;3.74621937375
2.823788044;5.698275692916667
3.3617867379999997;5.4291937478333345
3.012086365;4.245578886166667
3.060867899;4.236146767583333
2.626959606;5.775069561583334
2.965591833;5.857690947833333
2.5749053130000004;5.8545454819166665
2.6202582309999998;5.8212275018333335
3.1425824870000003;5.829000168916667
2.73726517;5.624989902999999
3.109686585;4.191695131166667
2.9546910950000003;5.735581205583334
2.126531335;5.253278005833335
1.474486306;4.57652993275
1.330697134;4.44075018225
1.510947874;1.6640991709999997
1.427585999;1.6952198526153845
1.667805195;5.139856166846155
2.0861530050000003;4.970951729769232
1.964615248;3.6091729025384613
2.308674474;4.087879668076923
2.945513301;4.145573841153847
2.799159184;5.622419273692308
2.5494852740000002;5.569555022769231
3.8657100030000002;5.557309101384616
2.678249154;5.398317537692306
3.324777578;5.586585562846154
3.544009415;5.653231649384616
3.416571639;4.132070247153846
3.456558114;5.670084915153846
3.29186954;5.547603385153847
2.3403178;5.0292041438461546
1.454313863;4.336359465846154
1.53738407;4.2174143274615385
1.745015478;1.6698789072142852
1.683500481;1.6943827546428571
1.4542059440000001;3.4552466912142856
2.081511848;3.9981408416428574
2.26348173;5.322035717714286
2.1614337519999998;3.9502763883571426
2.465145733;5.425511226785715
3.787543958;4.886422603214287
3.7694741560000002;5.041971737500001
2.695371072;5.380070242071429
2.731804696;5.366858570857143
2.771917895;4.034916507714287
2.827617717;5.467051543857143
3.372442353;5.4617066365
2.796209758;5.212452696285713
3.135744973;5.375327784285715
2.21448005;4.828152422857144
1.354035364;4.123336315714286
1.32558489;4.010855081928572
1.5665186290000002;1.6629882219999996
1.3857278149999999;1.6738057586666666
2.003417217;4.839401436133334
2.797902985;4.747187962000001
2.5853662949999996;3.859282382133333
2.724253806;3.913215039266667
2.792641705;5.1534094502
3.177441133;3.4367263206666667
2.569365512;5.268883894866667
2.508165947;5.231021541466666
2.605818231;5.195120108
2.624281906;5.277533567999999
2.769324599;3.9505437138000006
2.908889755;5.202993983133334
2.908896511;5.210899032733334
2.7389333369999997;5.047551405666666
2.203174174;4.653153872933334
1.313360416;3.936004589066667
1.288536012;3.8293671439333337
1.463389841;1.6606547638125
2.704099369;1.7280576686874998
2.06306024;4.579429979375001
1.972505465;3.3452125171875
2.1750860739999998;4.9672642391875
2.653422221;5.10541754025
3.54173978;4.758297582625001
2.750530874;5.07599087475
3.253866754;3.8720057714375002
2.9024216889999996;5.0518264568125
3.524880643;3.8383822734375
2.755784382;5.1199242438749994
2.781674315;3.8774893763750002
2.6640506530000003;5.051721009
2.8540531970000003;5.056185184
2.589102086;4.893898323187499
2.1651640149999998;4.497654506812501
1.320017776;3.77250541325
1.5405496859999999;3.6863160528125003
1.5037060059999998;1.7148605120588234
1.348416041;1.642287780117647
1.62881658;4.574210464823531
1.871842735;3.258543706470588
2.041262341;4.795146480470589
2.129957272;3.7695323302941177
3.347459958;4.506961154588236
3.045508175;3.791742620588235
2.424933136;4.897303320294118
2.76477093;4.940036760352942
2.38141599;4.958835523058823
2.931165568;4.977520365411765
2.417565917;4.900972285941177
2.609085559;3.802877387117647
2.736110354;4.7669696191176465
3.599135507;4.966274803
3.0559825860000003;4.412850276176472
1.900742182;3.662401693764706
1.310230335;3.5465463047058825
1.382069791;1.6963721386666666
1.394263711;1.6285086651666667
1.403260845;4.398046597055558
2.6434506929999997;4.403432795611113
2.392722824;3.714019298555556
2.919368047;3.239700614277778
2.4151863199999997;4.8351684740000005
3.066588131;4.699115461055556
2.576696203;4.808740062722222
2.431060242;4.760289815944445
3.09292915;3.7319432647222226
2.473665292;4.820770510222221
2.389853963;4.8231403118888885
2.532329224;4.769381004722223
2.583653909;3.7351427494444445
2.749451907;4.654885301777777
2.432043185;4.302805437777779
1.582040042;3.546826046444445
1.295337125;3.421479128055556
1.372910666;1.6793478506315787
1.35070954;1.6138876585789474
1.6643412880000001;3.156786965526316
2.4076320829999998;4.298390652842106
2.234660328;3.6361583001052638
2.319440342;3.657601005631579
2.240066069;4.698584136894737
2.360243536;4.679871824473684
2.20618086;4.625863028789475
2.198435437;4.634068080105263
2.431005714;4.69499341568421
3.858674974;4.369658616894738
2.3960792929999997;4.695400258263158
2.301716555;4.531034315105262
4.068138467;4.665906145578948
3.341491311;3.7144242526842106
2.172054765;4.190660665526316
1.516940355;3.4399899574210533
1.287340447;3.309156039578948
1.373372263;1.6640490712499996
3.232672417;1.6948268965
1.467091288;3.07230218165
2.210404643;3.5648706172500004
2.3214316399999997;3.59079253735
3.181987425;4.310275057300002
2.328462526;4.58007805635
3.20806436;4.2438743382
2.3391076080000004;4.5628336136500005
2.942881186;4.5797548976
2.4018988869999998;4.5146648217
2.360872816;4.5204083169
2.392997168;4.579893603299999
2.275807031;4.5744205969
2.344623868;3.6459342334500002
2.3137861469999996;4.420171906699999
2.0316385439999998;4.0827095594500005
1.5706458280000002;3.34652275095
1.217058573;3.2045511662500004
1.359795628;1.6495608120476188
1.3519018839999999;1.6784971340000001
2.139601197;4.143670855285715
2.571890355;4.227494833380954
2.49628463;3.0448727744285713
2.846375905;4.497213040809524
2.3862033830000002;4.459184555047619
2.827992587;3.554468730190476
2.86214527;3.531407505476191
2.571166708;4.484415611190475
2.3720819499999997;4.412637065904763
2.6371305830000003;4.487381078523809
2.555748771;3.59402064
2.519863496;4.47658454447619
2.6724964449999997;4.43241251347619
2.4212414119999996;4.324984740285713
1.8520545590000002;3.9764878927619054
1.301692702;3.2491498914761907
1.508086792;3.123767148428572
1.510641445;1.643246295363636
1.4242190909999999;1.6669390411363636
1.904816366;4.0419047421363645
2.188936119;4.134833073636365
2.157316234;3.0045292953181817
2.18387787;4.392061442136364
2.2785332990000002;3.4964716651363634
2.326279662;4.3863185225909085
2.3605163510000002;4.319358851590909
2.9719468769999997;3.505977476909091
2.533608235;4.3716583586818185
2.244316671;3.532670459590909
2.4429989649999997;4.394454618818181
2.329887288;4.379007396454545
2.6825084859999997;4.352871421318182
2.501389072;4.242094028090908
2.0561028489999997;3.8891976635000005
1.30733559;3.1608856050454546
1.4120909080000001;3.045963682954546
1.287515158;1.6277797241739125
1.398724138;1.6552775236086956
1.9069549959999998;4.037968809391305
1.9686728779999998;3.951764226304349
1.915800491;2.957193260347826
2.1212494310000003;4.293330485130435
2.1816606729999997;3.4393059698260866
2.3355113839999997;3.455087646782609
2.229448891;4.292541582086956
2.124971672;4.2739763288260875
2.145695745;4.22485176
2.206390391;4.2993213915217385
2.1199536549999998;3.471247989826087
2.2405949689999995;4.261033314695652
2.2666129030000004;4.287164157608695
2.152020273;4.151221256130434
1.860156256;3.8009784718695654
1.338846718;3.081666523
1.392659345;2.974080885652174
1.4682928830000002;1.6211344391249998
1.3604741839999999;1.6429940511249999
1.7244534100000002;3.8589596089583345
2.146221219;3.959145993125001
2.132100821;2.922814408708333
2.438033756;3.4127104013333334
2.466403813;4.216452508375
2.856695197;4.233470681458333
2.4572084370000002;4.198277666666667
2.3174222650000003;4.145375531041667
2.8991803099999998;3.416800734
2.2684077670000002;4.214699990499999
2.2693605480000003;4.178046949416666
2.2956199870000003;3.422263489708333
2.363911556;4.207028632541666
2.309646396;4.074488970291666
1.751074263;3.7155657965000004
1.497012781;3.0156392837499997
1.33655628;2.90585069375
1.475732136;1.6153183469999997
1.745051467;1.64707634776
1.589403401;3.768177360640001
1.681981659;3.868059419760001
2.1646665549999997;3.36278864748
2.509911314;4.164528306759999
2.640473446;3.38574764248
2.285981816;4.1217858326400005
2.26209375;4.0700442598
2.571404042;4.15065056972
3.461610092;2.9443662360399996
2.2928672729999997;4.130462178159999
2.44673841;4.108794607839999
2.621411376;4.150968445919999
2.567123537;3.3880578915999995
2.3661757210000003;4.00615644032
2.064686827;3.6495306377200007
1.550961271;2.9570521632399998
1.259723583;2.84000560932
1.486539629;1.610365319384615
1.582557598;1.6445948573846154
2.421989126;3.8124413315384627
2.3653229380000003;2.9220953399615386
3.1353585010000002;3.74383817373077
2.872879791;4.114849517692307
2.8360494330000003;3.3425294469230766
2.9944199;3.3706965754615386
2.5039744059999998;4.059562316230769
2.6813686390000004;4.094445376423076
3.354671675;4.120035996846154
3.09961422;4.032720027500001
2.7530990460000004;4.077486673076923
2.817610362;3.3661176019999997
2.981898245;4.065452440038461
2.6662647109999997;3.954622143038461
2.123624811;3.5908419520769237
1.385724492;2.896616483576923
1.334352098;2.782095858884615
2.305468686;1.6361098885185181
1.6119824290000002;1.6433869896666666
2.341483271;3.69189910325926
2.340484323;3.757924405296297
2.332832081;2.900270774814815
2.669712954;4.061325941259259
2.8667704720000002;3.3520326457037037
2.623202666;4.064597725333333
2.428354286;3.9991472040000002
2.903883026;3.326283283185185
2.3825488879999996;3.97160257788889
2.449317515;4.033514714888888
2.5326997300000005;4.008683821148147
2.397862134;3.896964364925925
2.6615679119999998;4.025045237481481
2.867896411;3.3476649652962958
2.0592366120000003;3.5341158283703713
1.290813038;2.8371422818888883
1.327285825;2.7282140057777777
1.3456021310000001;1.6257346114642852
1.3316368170000001;1.6322530549285716
1.59222974;3.616910911714286
2.0369327889999997;2.869437275321429
2.180324722;3.7015815594642865
2.291253776;3.9981090782142856
2.613991354;3.325674028142857
2.702689886;3.3040120904285715
2.778928612;4.018680971285714
2.567189577;3.9480058601785717
2.637673597;3.923962257142858
2.571565788;3.981302253214285
2.613577202;3.9588585847499997
2.599045736;3.3209285642499995
2.537758466;3.971927852785714
2.483915665;3.8464983399285706
2.237571167;3.487810661892858
1.443150019;2.787356843928571
1.284162531;2.676640738821429
1.3629995140000002;1.616674780517241
1.3511942490000002;1.6225613719655174
1.660426747;3.549445940517242
2.494947246;2.856523826034483
2.660188649;3.665671459103449
2.558237838;3.9484583457931035
2.7651439840000003;3.306345405931035
2.836897911;3.287904704931034
2.642856466;3.971238746965517
2.7053546340000003;3.905155817896552
2.621826113;3.8790610107931043
2.646431198;3.913602467965517
2.7385371949999997;3.9384482856896548
2.503540782;3.9212938158620685
2.5933779500000003;3.2958406120344823
2.4586382220000003;3.798641094482758
1.892537155;3.4328012306206905
1.3324922719999999;2.737189100068965
1.321394131;2.629908097172414
1.325794304;1.606978764633333
1.38565853;1.6146646105666669
1.4429985859999999;3.4792310287000006
2.0269888000000003;2.8288726585000004
2.166520203;3.2683512325000006
2.322608298;3.8942633442
2.266158271;3.253846490466666
3.1317888899999997;3.6478753734666673
2.250222044;3.8499913587666668
2.3068951689999997;3.8266554827333343
2.711044445;3.9292322702333333
2.36823657;3.886107895166666
2.287166883;3.8593879484666664
2.300820972;3.2626732906999996
2.274914404;3.866414502133333
2.215870519;3.7458820753
1.649453847;3.373356317833334
1.42265361;2.6933712503999994
1.338193905;2.5868509574333336
1.289867899;1.5967493818709673
1.428736918;1.6086669430645162
1.940272525;3.4295872060000003
2.030645905;3.5957066809354843
2.459856609;2.816968914967742
2.497924992;3.2294619259999995
2.604441275;3.246934782258065
2.6322462460000002;3.8535531152258065
2.429010883;3.880838031935484
2.4378532139999995;3.8044385153870968
2.37439369;3.7798083281290333
2.402880225;3.838261841290322
2.454474019;3.814068144290322
2.320519843;3.816546932483871
2.689392863;3.244180373677419
2.416746123;3.7030067219999996
2.320925252;3.339406928612904
1.438656866;2.6528965928387094
1.386639115;2.5481344463870967
1.3729167969999998;1.5897546135937497
1.476184057;1.604526852875
1.616089558;3.5338436458437505
2.0766976180000003;2.7938354369375
2.19206816;3.2139702003125006
2.1259558729999997;3.82599796446875
2.573630308;3.7659757589062504
2.568000443;3.741939331718751
2.79828402;3.8057625343749995
2.9095842619999996;3.7858030229687496
3.002057671;3.7910941430625
3.5999839750000002;3.6997872611562497
5.427358687;3.4920175647812504
5.04628779;3.8908260738125
5.062445878;3.2867426744999997
4.254279544;3.2757459727499993
2.968507283;3.3278163146875004
2.144501471;2.6370092452812495
1.296235662;2.509012609375
1.3528005140000001;1.5825741863333331
1.430234088;1.599245253939394
1.770761969;3.439858304303031
1.913091462;3.4847299433030305
2.030570167;2.7707061863333333
2.187080837;3.8391974302727268
2.82465051;3.272739881636363
2.942913106;3.2057563489696976
2.7615661289999998;3.7937424543030303
2.649336749;3.7321382131515155
2.695492772;3.7102288299090915
2.797037579;3.775195111484848
2.712324603;3.7532733738787876
2.782289501;3.2607927463333324
2.837051021;3.762183745424242
2.7049836970000003;3.6696416986060605
2.018975474;3.2881544710303032
1.3012831759999999;2.5965326977272722
1.360027901;2.474194890939394
1.485274247;1.5797124234117645
1.623112069;1.5999472190882353
1.678569064;3.388055679588236
1.7969174309999998;3.4350883988235297
1.9814806619999998;2.7474936709117643
2.323408398;3.1798049386470595
2.381631199;3.2465308027352937
2.558925246;3.8015423660294116
2.365813487;3.691952191794118
2.6581028109999996;3.7603412883235294
2.4717263849999997;3.6738022874117653
2.5200163499999997;3.717001108470588
2.673218183;3.742784025352941
2.5858271489999995;3.240940816999999
2.4719456650000002;3.724235566588235
2.398571687;3.6322572865
1.874534501;3.246577413088236
1.448214604;2.5627586361470582
1.33111686;2.440574948852941
1.5037605840000001;1.5775423708571426
1.468222325;1.5961836506857143
1.975280696;3.393379607314286
2.074890559;3.3505366761428577
1.929066894;2.7241100487142855
2.030034323;3.750927850514285
2.037302277;3.711111602285714
2.500992173;3.1604102882000005
2.473013129;3.224430297771428
2.1036891559999997;3.646573247914286
2.000200406;3.625985090800001
2.124880448;3.6965582088571427
2.21915161;3.6812331678285717
2.7462078890000003;3.2268055904857134
2.968812738;3.6956242978857143
3.133103834;3.617995759285714
2.1864564890000002;3.2162882438285716
1.4230272439999998;2.5301948820857136
1.351183024;2.409449465285714
1.373350246;1.5718703673888887
2.3225468890000003;1.6163604073055557
1.961451102;2.702925077972222
2.149956874;3.358840086944445
2.794070745;3.335079289166667
2.6077447449999998;3.719172764249999
2.598155828;3.207033784722222
2.676132721;3.146958133555556
2.609501619;3.6805113249722226
2.723273389;3.6209260296111117
2.8036639599999997;3.603142837166667
2.7189646290000002;3.6694028316388887
2.492539487;3.6482138989166666
2.71680405;3.668434846555556
2.742283546;3.2133466448055548
2.523057714;3.5875808135833327
2.038382552;3.183568641277778
1.3220429790000001;2.4966351069999995
1.38736425;2.3810582093055555
1.302417311;1.564587852351351
1.375335975;1.6098462334594594
1.550067501;3.3099543413783787
2.191898063;3.3041824992702704
2.012453753;2.6842636908108104
2.481692241;3.685727344702702
2.453298899;3.1282105866756766
2.468744708;3.1870800258918917
2.5631609280000003;3.5923377836216224
2.898296729;3.6593703899459467
2.535333424;3.6387523071081076
2.3865826809999997;3.1910016728108097
2.767699184;3.5805632789729738
2.566128798;3.638642791189189
2.412070696;3.6148046231621622
2.523040351;3.558809449729729
1.8701898209999999;3.1480719164054056
1.330068207;2.4651062718648644
1.4116636439999999;2.354858356189189
1.347748928;1.5588815648684209
1.329163828;1.602459854368421
1.6157855380000001;3.2653709518157896
2.127752906;3.273223825763158
1.9149933019999998;2.664019733210526
2.196257746;3.1036855119210536
2.254780638;3.162545831473684
2.3396859279999997;3.5593732611052635
2.36254319;3.548510118736843
2.9369855769999997;3.6403602632894745
2.347067848;3.604760610815789
3.353052483;3.6769727430789465
2.480200549;3.1722963800789463
2.553973885;3.6100988726052634
2.663362971;3.5352450687105255
2.833426393;3.5942420381578946
1.974901429;3.1171990088421055
1.5001969060000002;2.4397139201315783
1.310841164;2.327384219552631
1.282064281;1.5517836857948715
1.364383689;1.5963553373076924
1.74375364;3.2263551233076924
1.850885483;3.236753611846154
2.092738818;2.6493715046153845
2.102272628;3.07800825848718
2.1938582820000003;3.1377076891794866
2.419446922;3.644728491256409
2.214415051;3.603797565538462
2.265403011;3.52619453674359
2.185220537;3.5135539756153853
3.033314382;3.5798592777435894
2.8615686809999996;3.5179713151794862
3.3153893159999996;3.1759654297179476
3.9426278430000004;3.613423873179486
3.825532519;3.6156228122564107
2.543778878;3.1024959285641027
1.741713463;2.4218164725128197
1.2934187990000001;2.300872285692307
1.3559881169999999;1.5468887965749998
1.560869271;1.5954681856500001
1.760081347;3.199836805225
1.7307773;3.188965677725
1.952462379;2.631948776475
2.766897432;3.622782714774999
2.9395670959999998;3.5871918038000006
3.274021224;3.0829085826250004
2.760310003;3.4947228763000004
3.314580468;3.1421295086499996
2.8908148540000003;3.5975026133000005
3.026661236;3.1722328248749987
3.499320925;3.5255226964500004
3.279670537;3.605080039774999
3.0856731180000003;3.567504623749999
2.908912169;3.502744836524999
2.1100679749999998;3.077685229725
1.374675099;2.3956379381749993
1.57477968;2.2827199705499996
1.367339262;1.5425095396341462
1.380024772;1.5902134682439026
1.776653413;3.1545190371219514
1.8338550279999999;3.166520176512195
2.016786123;2.616944809317073
2.2841824809999998;3.0634274581951226
2.520617537;3.595900637268292
2.504517493;3.1265779960731703
2.487224022;3.5603633213170736
2.410301165;3.498322171292683
2.4598063229999996;3.4694810091463424
2.45624313;3.577059627341462
2.454346137;3.154723393463413
2.5744819230000004;3.5725508891463424
2.481208106;3.541009586731706
2.3539089439999996;3.474724448902438
2.1267486410000003;3.0544916543902443
1.3386145919999999;2.369856880951219
1.323334182;2.2593203171707312
1.2584956569999999;1.5357473043333332
1.5704296420000001;1.5897424247619047
1.656625242;3.130570297119047
1.992644664;3.1268553615714287
2.272377127;2.6087408168809523
2.044802598;3.039174485333334
2.150225254;3.103331502214285
2.41004876;3.5676660687619037
2.292584166;3.5301781033333337
2.302810488;3.4698576074047622
2.309648328;3.5468831678333324
2.3553874230000003;3.5435708066190483
2.682828364;3.450751184261905
2.390433642;3.13652601842857
2.3936003;3.513690317999999
2.2715289629999997;3.446076937333333
1.8885919800000002;3.0267321383333337
1.412036071;2.347051623571428
1.2808964409999999;2.2360245105952377
1.5237256069999998;1.5354677299767443
1.810342793;1.5948726658837211
1.865429899;3.0975198856976744
1.887036856;3.1016509147674416
2.120331525;2.5973824612558136
2.1295729540000004;3.534222042837208
2.197594005;3.0196028462558147
2.192234941;3.082143210093023
2.4983237129999996;3.5061814896046513
2.373655404;3.425702445186047
2.3490918929999998;3.5157922272325592
2.63783699;3.493321635953488
2.789893116;3.1284647881395338
3.2332030410000003;3.4643540128372097
2.995116337;3.5340513810697667
2.553053296;3.425308945674418
2.184542924;3.007146342651163
1.3728259170000001;2.324395211790697
1.491796857;2.2187168907441857
1.331909875;1.5308414150909089
1.5059891579999998;1.5928525861590912
1.76181952;3.0712002012499995
1.820962829;3.0685072253181818
1.8916062299999998;2.581342092363636
2.338802507;3.507053417022726
2.393326336;3.005369289204546
2.422620154;3.067154049727272
2.468255725;3.4825922676818184
2.554302233;3.4058978949090912
2.614782096;3.445045560181818
2.481552302;3.492286774386365
2.553651495;3.511769565477272
2.37386153;3.467879360818181
2.519313347;3.1146204372045445
2.3493924919999998;3.400856298999999
1.789189293;2.9794655006136366
1.3254618209999998;2.3016921801818175
1.496562368;2.202304287954545
1.565732994;1.531616783511111
1.414463486;1.5888883839333336
1.4669888350000002;3.0355510597777773
2.27124543;3.050790296533333
2.367788177;2.5765964497999994
2.6175634519999997;3.0571631475555554
2.777005275;3.0002945333333337
2.831201251;3.492034479999999
2.733229755;3.4659397674
2.540731469;3.424949691488889
2.556556364;3.387023638666667
2.526167333;3.4898672936444433
2.584179886;3.472106621311112
2.4594443609999996;3.4454696941555554
2.546727765;3.1020006000444433
2.4612225710000004;3.379975549488888
1.975364932;2.9571521546444446
1.265739335;2.278671005844444
1.438025415;2.185320312999999
1.3388607890000002;1.5274264358043477
1.456205826;1.5860039805000004
1.491910255;3.0169015999782607
1.843299757;3.009632553195652
2.683160182;2.5789130526739124
2.194575943;3.0384112518043476
2.1627569400000004;3.437609705934783
2.4295084780000002;3.468936088652173
2.561910902;2.9907644543913046
2.316007489;3.400842252304348
2.679818463;3.472257536456521
2.597392561;3.091030860065216
2.933468204;3.3771637379130435
2.758715974;3.456598128978262
2.6863050979999996;3.4289661159782603
2.773366266;3.3667883911521734
2.312642344;2.943141071804348
1.479164395;2.261290427347826
1.294270319;2.1659496609565214
1.3387344659999998;1.523411713042553
1.309317773;1.580117039914894
1.802069134;2.9839397144893614
1.7906552649999998;2.9908112524255315
2.14061282;2.56958751580851
2.313101218;3.022979123425532
2.5314531160000002;3.448989642425531
2.408325857;3.4157100495744683
2.794733511;2.9865935832553197
2.2328481969999996;3.352816598744681
2.464907493;3.45082455680851
2.391042909;3.0761374994042536
2.8907187960000003;3.3899885617446808
2.283596497;3.3437417551063824
2.750360104;3.4415717880212777
2.879392234;3.417273054659574
1.9059771230000002;2.921073753744681
1.6518578959999999;2.2483237777446803
2.28156464;2.168409554127659
1.529706701;1.5235428586249997
1.738149532;1.5834093835000003
1.890927526;2.5554487660208327
2.0238198990000003;2.963937218333333
2.0523101820000003;2.9712591467916667
2.143242282;3.4217865724166656
2.363815913;2.9736190484583336
2.48026569;3.0116725935625
2.5912496149999997;3.3985337905208337
2.4151280660000003;3.369678968083333
2.442031454;3.3338419082291666
2.3845618049999997;3.4286107494791658
2.455996705;3.4210389737916675
2.415731977;3.396407615541666
2.473643256;3.0635855359999984
2.2962124509999997;3.3219182279374997
2.467764465;2.911629810229167
1.6132862190000001;2.235093828604166
1.3091828719999998;2.1505089982499994
1.6466306130000001;1.5260548536122447
1.387839529;1.5794181619795922
1.718191854;2.9456863448979593
1.886641005;2.94195158132653
2.2241841140000003;2.5486882629183665
2.277939053;3.398442745489795
2.288453348;2.959636074979592
2.391028703;2.9990063917142855
2.212267355;3.346058322918367
2.48084239;3.316433754795918
2.33907467;3.4063753192857136
3.06873477;3.3918031982653063
2.45906883;3.4014069300408174
2.345750535;3.3749656343061223
2.401848818;3.0500807050204064
2.214807441;3.2993241302448975
2.279253939;2.898724180204082
1.5865544580000002;2.2218583312448974
1.2710959270000002;2.1325617927142853
1.284051987;1.5212147962799998
1.38146744;1.5754591475400002
1.389052735;2.9108936043999996
2.340521894;2.9335830558800002
2.536805304;2.548450603739999
2.473901235;3.379951915279999
2.8477691210000002;2.9573987359
2.712761074;3.3782223557800006
2.845029114;2.9959268461599997
2.5630444189999997;3.3303980448399995
2.578104813;3.30166717596
2.564729527;3.3846733819800012
2.666506859;3.3915779500799994
2.687252917;3.042824149259998
2.614454319;3.359755408
2.464776778;3.2826331831999993
1.905114242;2.87885198144
1.341727732;2.2042557192599994
1.255639637;2.1150233495999995
1.451824842;1.5198542089411762
1.5113520189999998;1.574202145019608
1.7032514449999998;2.909458906647059
1.709291737;2.8873327834705877
1.661421376;2.531057873784313
2.037772218;3.353634666313724
2.1838328529999997;3.3548029537647066
2.806597137;3.320127438803921
2.736731548;3.290590006784314
3.411961762;3.004084393529412
3.639217938;2.9707677398627452
3.010418305;3.384104231549019
3.049374671;3.3780988974509816
2.8659970439999998;3.3500738714509803
2.974235931;3.0414792822352927
3.054029664;3.2781507612549015
2.263164424;2.866779676392157
1.526410322;2.1909646330392154
1.786619049;2.108584049588235
1.3031034709999998;1.5156859255192303
1.347622191;1.5698448382115386
1.6441390630000001;2.514001742807692
2.2146352609999997;3.331730831596153
2.74967541;2.9063861470961543
2.8348143230000002;2.8863228130769225
2.402912249;2.9598474419615384
2.643555738;3.3411251226923087
2.833229431;3.000798721173077
2.5018390960000003;3.3043911245192303
2.455914559;3.2745385558653846
2.425721599;3.365673796307692
2.469559023;3.3606269767884624
2.3234133069999996;3.3303303990576927
2.46658081;3.030423542384614
2.268595328;3.2587362336923076
1.892815443;2.848049594980769
1.389986623;2.1755612097692305
1.489229773;2.0966733904230765
1.263155511;1.5109212007169806
2.398551496;1.5854808128867925
1.558986613;2.861278733830188
2.009350038;2.8894609374905666
2.057935387;2.5053967172264144
2.162375248;3.309667518698112
2.222404543;2.945933425
2.5419691780000004;2.992141559981132
2.549796578;3.3261943954339634
2.506631979;3.289339065169811
2.397814413;3.2579965909056603
2.394876514;3.34735686645283
2.466358409;3.019780804018867
2.5745417219999998;3.3457951795283027
2.5612735680000003;3.3158198928113207
2.3292971149999997;3.2411996465471695
1.801384043;2.8283011883396227
1.261142568;2.1583080278490563
1.2909169090000001;2.0814704379433957
1.36792823;1.5082731827407403
1.350726939;1.581133518925926
1.67659614;2.4900485583888883
1.887873475;3.283337999370369
2.372135068;2.879880828796297
2.2547437799999996;2.93313361675926
2.286151623;3.2707615199444438
3.580942238;2.8746058357592585
2.3356199660000003;3.240915542296296
2.9464701690000004;3.319162465314816
3.217898104;2.996322236722222
2.6061907019999997;3.3320988003148155
2.430142527;3.2994184601111107
2.643943514;3.334330693259259
2.626278264;3.0124937199444437
2.4790851910000002;3.2270864158888886
2.1949447749999997;2.8165723658703707
1.548778892;2.1470204512592588
1.3561001019999999;2.0680376539444443
1.353866183;1.505465782745454
1.376771573;1.5774178471818183
1.617430253;2.8569271819636373
1.773830258;2.4770264074727266
1.958379373;2.8579471728
1.996127499;2.91609714189091
2.14236944;2.9807958222363635
2.214264053;3.251552475090908
3.031891857;3.2787662513272715
2.860668928;3.3108262191818194
2.433863854;3.2262418752363637
2.320975179;3.3159060475454543
2.384326949;3.3148665848363645
2.409842326;3.0015364218727263
2.302696855;3.2812962491090905
2.239652043;3.209133063654545
2.2835273189999996;2.8068806377454547
1.649062502;2.137966670363636
1.27088286;2.0535439304181815
1.548035611;1.5062259582499995
1.43379208;1.574853101339286
1.8037898239999999;2.8381211577142866
1.8511037080000001;2.4658492164107138
2.112648902;2.8446382751071426
2.221418118;3.259885034660713
2.452513967;2.9078188709107144
2.5021297679999996;2.972248214125
2.560987714;3.297436245875001
2.6131447669999996;3.240152337446428
2.624298019;3.215492877803572
2.8764839309999997;3.307038323160715
2.6815697650000003;3.2705868476071425
2.931444172;3.309040656910714
2.9850465400000004;3.001241959696428
2.7393343839999997;3.2007438015178566
2.211440574;2.7962477794642857
1.3771536260000001;2.1243807231428566
1.381252205;2.041538721035714
1.418173573;1.5046811795614032
1.5224640159999998;1.5739339945789474
1.831624226;2.826866098807017
1.776374352;2.8194940207719306
2.206514822;2.461299490192982
2.193957911;3.2411845588070167
2.340650187;2.897868543122807
2.4398303390000002;2.9629075496491226
2.470173909;3.2829228715438608
2.487900297;3.202728095684211
2.636392495;3.229560059508771
2.5324978849999997;3.2954170995087715
2.562353901;3.2939736841754392
2.569804767;2.99367288614035
2.6359370199999996;3.259452640105263
2.458603309;3.187723792877193
1.838439465;2.7794441248245616
1.4507965790000001;2.11256345745614
1.219218702;2.0271120540350873
1.5934004089999998;1.5062108214482754
1.543790119;1.573414272586207
1.486959626;2.803764263068965
2.1922911469999997;2.8086801781206905
2.1262698700000002;2.4555231174310337
2.283089045;2.8872688966034485
2.430452929;3.2272064272586203
2.383300561;2.9529143257068964
2.38475092;3.26743714824138
2.313443771;3.213764951086206
2.306676668;3.1872789331379314
2.326995212;3.2787201704137927
2.3241251750000003;3.2772521581551732
2.245029798;3.241962591103448
2.35474719;2.9826569258620683
2.188022868;3.1704875700344823
1.860591908;2.763601845224138
1.316278569;2.098834407655172
1.303340122;2.0146332276206893
1.407984857;1.50454597459322
1.364286844;1.5698697398983052
1.587474535;2.783149182932203
2.105336715;2.796759102474577
2.19282379;2.4510705864576265
2.5926721710000002;3.2164516093559317
2.667131969;2.8835377622372884
2.6647036870000003;2.948029399627119
2.8108832469999996;3.2596989465254245
2.698199269;3.2050265496949146
2.673201909;3.1785657632372883
2.64424122;3.267966289898305
2.6165903829999997;2.97645240818644
2.771802185;3.268685209457628
2.55928769;3.230391830067796
2.437968066;3.1580719852203387
1.892847677;2.7488433
1.340539356;2.0859819491525418
1.2524585810000002;2.001715013271186
1.370847309;1.5023176634999997
1.3183348799999999;1.5656774922333334
1.842745911;2.7674757950666664
2.148577863;2.785956081816667
2.386439574;2.4499934029166663
2.658054709;3.2071449943499997
2.533953269;3.247603185233334
2.72022238;2.8808158392
2.672683203;2.94344029635
2.324688837;3.1643344811333334
2.412660578;3.191820450166666
2.338928555;3.2531892652166676
2.330594306;3.2523434234999997
2.280644332;2.964855606916666
2.237811503;3.213848824616666
2.382811861;3.1451509831499993
1.814463047;2.7332702957833335
1.3269648589999998;2.073331664316666
1.2569542280000001;1.9893023335166662
1.322436251;1.4993687878852455
2.060465986;1.5737887790163934
1.9251677770000002;2.771844798131148
2.04527649;2.755636462196721
2.107413916;3.1891166160163933
2.2476113420000003;2.8704354376065573
2.323741385;3.232457909819673
3.282410323;2.4636395819344257
2.570195897;3.241160677163934
2.563652508;2.9582785069344255
3.565029516;2.953630283557377
3.128344237;3.190779856508196
3.1058006249999996;3.1633749097213117
2.479310695;3.1342355685901637
2.683875625;3.2051607393770487
2.9516073449999998;3.2482452993114763
2.0055981899999997;2.7213412448688525
1.2678619800000002;2.060127243262295
1.2933016769999999;1.9778924866885241
1.3069902070000001;1.4962659075483866
1.2709313629999999;1.568903981983871
1.623800468;2.7373810429354837
1.869065744;2.757283845645162
2.1326722030000003;2.458301398403225
2.2556665590000002;2.860519810532258
2.475894588;2.945924869112903
2.787757185;3.1826430768064515
2.5479085919999998;3.221416791790323
2.431345543;3.151567984451613
2.521122884;3.1799789375967733
2.362359672;3.226986467403225
2.3709617450000002;3.234095564564517
2.372356769;2.9488281563225796
2.270003765;3.1900775623709676
2.177906027;3.118810898564516
1.9043711349999999;2.708164307612903
1.389799904;2.049315511983871
1.402667876;1.9686146703870964
1.3362334169999999;1.493725709285714
1.340950372;1.5652856707142857
1.563904675;2.7187544339206346
1.913240612;2.743886334000001
2.311832625;2.4559764972380944
2.297997531;3.1686010840158727
2.4626500190000002;2.938253839746032
2.5815254650000004;3.211259786603175
2.765807886;2.8590164466507937
2.410028531;3.1677575025714275
2.482643823;3.1409501406190476
2.846657592;3.220949501126984
2.816326576;3.2274643107777785
3.0789443299999997;2.9508934924126975
3.043763269;3.187755113269841
2.959314482;3.1162792094126983
2.345198071;2.7024029387777775
1.478376624;2.0402529899523807
1.342230262;1.9586720607301582
1.3159104929999998;1.5613891835625
3.2097050129999998;1.5205378859062497
1.572396576;2.7008425923906247
1.939464029;2.7313172354843758
1.922921093;2.4476475065468746
2.184262911;2.84847342265625
2.442784391;3.1572601981874997
2.248676857;3.1962194283281256
2.472927082;2.93098310915625
2.395500545;3.155690987609374
2.472687718;3.130508540265625
2.589485107;3.2110828699687497
2.67271196;2.946546905968749
2.79662256;3.220732408421876
2.576172359;3.178199132734375
2.508983309;3.1067902109687497
2.101529632;2.693014293359375
1.357872126;2.0295907889531244
1.584814392;1.9528305346562496
1.310759312;1.517310523230769
1.324245007;1.5577408116153846
1.5945969519999998;2.6838234286923073
2.036246469;2.7206238390769237
2.0448754080000002;2.4414510127230766
2.544137628;3.147827543261538
2.71633325;2.8464404969230768
2.839025468;3.1907241366307697
3.025881137;2.9324430788153846
2.668610206;3.123402412046154
2.759105591;3.149589673815384
2.6183902829999997;3.2114656064923084
2.686655229;3.2030147524153842
2.4144631530000003;3.166449348430769
2.565833376;2.9406897747384604
2.4161481910000004;3.0961649491230765
1.802619251;2.6793159080923075
1.362678057;2.0193305930769228
1.299998106;1.942786958830769
1.30744174;1.514130693181818
1.559858007;1.5577728903333334
1.7304083540000001;2.6693777457424237
2.167380585;2.7122413655303035
2.105330683;2.436358280454545
2.457544618;2.9252476475909095
2.642406994;2.843349080212121
2.74965431;3.141794615484848
2.5357219850000003;3.180799861606061
2.465556422;3.139225533636363
2.5010307469999997;3.1139725383333334
2.4024931179999998;3.190885636742424
2.336708693;2.9315385462272716
2.377117885;3.1988239743484854
2.155994518;3.0819199425909085
2.36213062;3.154262701030303
1.724237476;2.664845022757576
1.244764534;2.0075947436969694
1.3160140900000001;1.9332904002121207
1.3146198239999998;1.5111529190149253
1.325892152;1.5543119837910448
