9.215342861;
11.667638719000001;
11.892842558;
44.346330321;
11.184750663;
11.239240931;
12.085450873;
26.684560711;
10.77382893;
11.222391371;
8.040522615;
11.163828708999999;
10.633545636000001;
11.738493908;
10.354018403;
8.126207841000001;
12.045398908;
22.594144734;
8.485956857;
9.682618908;
8.018367651;
8.065121162;
11.819231783;
11.381440789000001;
16.318806919;
8.837665977;
10.800843341;
11.367957876;
9.584904725;
8.868497465;
8.007434176;
11.836413178;
12.145698885;
8.797557038999999;
11.698595003000001;
10.434474425000001;
11.753880408;
32.466810435;
12.866536270000001;
8.279272527;
7.71667148;
7.775606394;
11.682990216;
11.766345734;
13.012064399000002;
10.152284801;
11.872186690000001;
9.862670016;
7.9860916;
10.238255182000001;
8.493569647000001;
8.204051049;
10.458714692;
7.769018621;
11.042395196;
11.814078519999999;
15.982114110000001;
10.693611068000001;
8.607889292;
11.870274704;
11.891076671999999;
10.78134562;
10.781072982;
14.764092681;
11.689866195;
43.742660623999996;
35.785371432;
15.029952953;
9.075649086;
11.309203909;
15.846611827999999;
10.758655482;
11.715365317;
12.50095949;
9.839881096;
11.252394778;
26.859250332;
10.503505068;
11.163627768;
8.689536656;
11.825329202999999;
8.754481004999999;
11.203070713999999;
8.089051697;
11.211959208;
11.301355825;
7.736342747;
8.191467086;
7.7802610770000005;
8.170496064;
8.212453106000002;
11.913688457000001;
9.453719945000001;
10.648212942;
10.839225897;
9.799288296999999;
18.35154692;
9.038815442999999;
8.027421269;
14.949455644;
10.788352091;
11.258063613000001;
12.235321718;
12.384613859;
13.218647436;
10.752441371000002;
12.207143683;
7.73583996;
9.211029981;
13.462987590000001;
11.215576021;
9.077238673;
9.136043416;
14.584583365;
10.650127839000001;
11.964570120000001;
11.756120937;
9.995236686;
9.742768254000001;
12.103181106;
9.4894713;
9.242958898000001;
13.128088691;
11.754178481;
11.191624222;
11.526998016;
8.20903976;
11.180412661;
8.016203189;
8.233329363000001;
8.67340717;
11.774924816;
7.760860298;
11.626760145;
21.190660523;
10.709659487000001;
11.805934642;
11.309818061;
10.913159906;
8.645178571;
11.185080461;
10.786580452;
11.27924853;
29.071364176;
32.847822869000005;
8.718342775;
11.761355016;
7.749929438000001;
11.133300118;
12.698215891;
11.37577699;
7.885008897;