4.275430782;4.275430782
5.656945192;5.656945192
1.309225258;2.79232802
1.27019687;3.463571031
2.218524141;29.8967839685
2.413990267;30.0867677185
2.659329227;12.3869706485
2.719700424;30.210795569000002
2.724756895;12.3973939405
2.741177255;12.013248285000001
2.815525879;21.027621719499997
2.884620736;21.218072142
2.918300852;30.207040106500003
3.073290882;29.974370998500003
2.757409154;30.441007318
2.9607465929999996;21.082497042
2.6284611620000002;30.233242508
2.848256895;30.339270270500002
2.914542007;30.36547465
2.938890456;29.481058621000003
2.929842211;30.3088964525
1.5535050129999999;2.3793870176666663
1.391496811;2.772879624333333
2.4237453999999996;14.826329612999999
2.2791808070000004;20.690916248
2.291312241;20.821615892666667
2.50193458;9.098907487
2.518533653;8.848343407666666
2.5636269339999997;20.995072690666667
2.654351755;9.142764350666667
2.564029782;15.000058022
2.4720982169999997;20.806946738000004
2.692551029;21.035543747333335
2.397178817;21.093064484333333
2.6743347969999998;14.946442960333334
2.4810418760000004;20.982508964
2.512372365;21.043388423333333
2.778703782;21.152414774333334
2.612703274;21.114550857999998
2.674262148;20.545459796666666
1.445516003;2.1459192639999998
1.815147542;2.53344660375
2.229673143;11.677165495499999
2.345491108;16.104559963
2.374703415;16.20988777325
2.5680605770000002;7.49908840725
2.5522300270000002;7.2743150625
2.638503882;7.483806585750001
2.733627247;16.42971132975
2.448885234;16.217431362000003
2.7050951380000003;11.926317301
2.293093014;16.39307161675
2.723334093;16.457491333750003
2.6741112659999997;11.87836003675
2.351475648;16.324750635
2.547522943;16.5011918165
2.5019829810000003;16.03459059275
2.552581808;16.4740585955
2.580040858;16.427551532
1.370182517;1.9907719145999998
1.269292911;2.2806158652
2.5205645580000002;9.845845308
2.5901645269999998;13.4016808758
2.5794589190000003;13.483802002400001
2.586290779;10.0583119966
3.0340405770000003;13.750577179199999
3.059429501;6.4313379502000005
3.0964948199999998;6.6063442326
3.126396537;6.6245500332
2.907025032;13.555350096000002
3.036865749;13.773366216800003
3.1063838059999997;10.123964790599999
2.6657476449999997;13.675190754599999
2.866470901;13.7742476334
2.718223876;13.6034452832
2.765506228;13.732348122000001
2.816357209;13.390943916000001
3.325395441;13.7795363816
1.4955879239999998;1.9082412494999998
1.360558601;2.1272729878333334
1.755860647;11.460710837666667
2.089117168;11.807000510666667
2.109562887;5.711042106333334
2.4022489329999996;8.782301486
2.7077579860000003;11.929098178333335
2.411356768;11.884839779333333
3.431052298;6.092300410666667
3.3989303989999997;6.071775260333333
3.416293853;8.774253398833332
2.8996458549999997;8.919911634666667
2.485481582;11.750451333
3.415529328;11.805756556666667
2.954663279;11.970983574333333
3.7942675770000003;11.9285030095
3.15832202;11.970010438333334
3.217537772;11.695376225333334
3.186599049;11.927092136999997
1.363564652;1.8304303069999999
1.32989866;2.0133623695714284
2.435566537;10.468224228714286
2.366200424;5.233207580285715
2.262428535;10.442423982142857
2.441346798;7.869552455857142
2.444789881;5.571227477857143
2.419819897;10.169154989
2.506548452;5.5624571448571425
2.415379584;7.872741214285715
2.35452666;10.56130224714286
2.511548446;10.583223786142858
2.258057046;10.509585103142857
2.503044633;8.003216348714286
2.163239896;10.380849699142857
2.317380173;10.591897374142858
2.2187616400000003;10.341574141714286
2.289376507;10.55027561842857
2.395559398;10.602231718285717
1.422006147;1.7793772869999998
1.337824465;1.9289201315
2.40178611;9.198233879125
2.662876218;9.492555727374999
2.392147365;9.436139405
2.653463013;4.910739509375
2.7237862720000003;5.215297327125
2.7208977869999997;7.225970622249999
2.692537817;5.203717228875
2.895032491;7.2505276238750005
2.9949940350000004;9.615513720625003
2.632428074;9.524940474500001
2.303004743;9.371119079625
2.8558132379999996;7.359790959874999
3.1286217969999996;9.6513985375
2.485803993;9.359602873125
2.488333334;9.542532832874999
2.982031605;9.640664153000001
3.448659777;9.708035225625002
1.351569021;1.731843035222222
1.323752639;1.8616792989999997
2.0664894210000004;8.617289406777779
2.3431232410000002;6.6834320243333325
2.290843446;8.430746053222222
2.44082495;4.896729197888889
2.56171979;6.729548975666667
2.4942051139999997;8.82425720877778
2.7095484489999997;8.880081861
2.661662084;6.837776640333333
3.539870017;8.831146204
3.557375565;4.760365737777779
2.478825286;8.605308658111111
2.855155254;8.783853227777778
3.633214585;5.039510355777777
2.722942577;8.784800582222221
3.0844552899999997;8.972081899444445
3.5214302219999998;8.960749271777779
3.56399484;8.715646425000001
1.300288605;1.6886875921999998
1.788217364;1.8543331054999999
1.935931691;4.4779223331
1.893621001;7.944922566200001
2.2837519270000004;6.243464014599999
2.34516044;4.6415723221
2.2805272960000003;8.2201264045
2.691346351;6.3257287132
2.515862365;8.193417724400003
2.525838403;8.1580517453
3.376125246;7.9252839725
3.067465898;6.460745566099999
3.820193542;8.3300509378
2.59371954;8.165692477999999
2.8324358099999998;8.1273253635
3.9728776550000005;4.932847085699999
3.192996229;8.383973967500001
3.198605545;8.0646383468
3.412503932;8.416124102700001
2.481965493;1.760803765
2.151809972;1.8813764569999998
2.2217062110000003;7.4067769032727275
2.4874946959999997;7.798909461272726
2.453788378;4.293910155363637
2.2692429109999996;7.428951688454546
2.453827644;4.442686442272727
2.517306286;4.713252467545454
2.483079675;5.901610892818181
2.639590664;5.990625254181818
2.4744474609999996;7.6735113368181835
2.6748539399999998;7.716010725909092
2.389959754;7.633679746090909
2.631168137;6.112602163454545
2.298572321;7.5404505262727275
2.446577522;7.844210654272729
2.363756463;7.603364554363637
2.538523169;7.88179674509091
2.541784542;7.654428120181817
1.37679782;1.7288032695833333
1.364462444;1.83830028925
2.3373019260000003;7.343775499999999
2.282275486;6.9797351185
2.2247815209999997;6.9952708411666675
2.429310026;4.522923930749999
2.539213561;4.147685439166667
2.623252408;5.628414352416666
2.664633738;5.713459294500001
2.72537822;4.299577423750001
2.70073652;7.259113435416669
2.776380216;7.3043748500833345
2.521668894;7.20767884175
2.740219163;5.83157024675
2.408577524;7.11279444275
2.6498372440000004;7.4113462034166675
2.564911703;7.438722991583336
2.558230857;7.18293674625
2.542870827;7.228465012416666
1.320126902;1.6973666259230766
1.369080169;1.8022064338461539
2.377103915;6.9617238396153835
2.219787105;6.613585271307692
2.325336273;4.147712719846154
2.359223654;6.638651826769232
2.62076944;4.030230362307692
2.639050955;5.398463321846153
2.6725247440000004;4.38058553176923
2.619985018;5.4754997347692305
2.658960231;6.9052554966153865
2.449680261;6.841678950923077
2.7597495530000002;6.954788288769232
2.7002629070000004;5.590700451384615
2.323220092;6.744365646538461
2.492331466;7.032960454384616
2.6207270749999996;7.068107921076925
2.7591737849999998;6.8846733795384605
2.7911123939999998;6.845104103769231
1.345315934;1.6722201479285712
1.3673670629999999;1.7711464787857143
2.5986632760000004;6.326805128785714
2.766716513;3.939979373071428
2.537736994;6.345729338714286
2.9119377990000004;6.672453408142856
3.216772055;4.297455997714286
2.507722129;6.5321106065
3.2201069440000003;5.242866437714285
3.1619156459999997;5.3102437284285715
2.830070961;6.660165622500002
2.860718561;6.616360001214288
3.2230865189999998;4.081667991214286
2.7911816170000003;5.390734820357143
2.519120126;6.442562395071429
2.7232058710000002;6.75775777464286
2.718526745;6.550348578142858
2.93019261;6.739905608357144
2.7033320670000003;6.586006142928571
1.3005911639999999;1.647444882333333
1.63212942;1.7618786748666664
1.726669057;3.924668062266667
2.1531702650000004;6.066225400466667
2.748557543;4.194196100733333
2.613021192;6.079219533
2.776885555;5.078467712199998
2.838324289;3.8665357007999996
2.601207844;6.348683190733335
2.9036288960000003;5.1498027396
2.378885918;6.255228960599999
3.1513441739999997;6.437712792533333
2.6583504149999997;6.393377942000002
2.674070366;5.209623856733333
2.285116249;6.165399318666667
2.547942043;6.460441370666668
2.454775427;6.310590761866666
2.6179062830000004;6.481767675200002
2.5617051529999997;6.284439016466667
1.327598703;1.6274544961249997
1.307835065;1.7335009492499998
1.871048505;6.1522962745625
2.334708604;4.906982767937499
2.561795038;5.8593805020625
2.47811687;5.8419686173125
2.5631961430000003;4.9881398273125
2.8078504459999998;4.107549497312499
2.8902503139999998;3.8055178641249996
2.938037017;3.8630036219375
2.393831738;6.0138916341875
2.718443419;6.121793205000001
2.767022587;6.166730732312502
2.7751659610000003;5.05747023825
2.541151353;5.9388838208125
2.7628994309999997;6.229344999437501
3.08771949;6.269639663625002
3.369228604;6.1022383656875006
3.378886607;6.1273592521874995
1.349526253;1.6111057759411762
1.391464608;1.713381164470588
1.931885255;5.628351369882353
2.056311027;3.702623344294117
1.948980843;5.612969336470589
2.576451622;4.017484916411764
2.586398999;5.942537611294117
2.6325373799999996;4.773191862764705
2.627020584;5.916218344941178
3.2823155280000003;3.8288454987647063
2.8886627039999997;5.973903201235295
2.7227702639999998;5.820296259470588
2.9290801529999997;4.932270821470588
3.644495843;4.909101945882353
2.733555804;5.750335113941177
3.048400048;6.042230590529413
2.880631216;5.936375250058823
2.978031529;6.076015655705884
2.988460956;5.9190749886470595
1.34475275;1.5963083856111109
1.27788157;1.6891867425555551
2.138359537;5.731194384944444
2.180680353;3.9154402184444432
2.082982781;5.431386448277777
2.494921338;3.6355287883888883
2.4351285710000004;4.643299457666666
2.434601538;4.771629700999999
2.3817681320000004;5.433458158444445
2.530175898;3.7566971876111115
2.299573672;5.624700560166667
2.518409663;5.7819313380000015
2.5760568009999996;4.801370042555555
2.815268488;5.7439433528888895
2.3982038;5.723471033722223
2.391340046;5.739428849833333
2.4950801339999997;5.569487615055556
2.766264847;5.89214061077778
2.97206722;5.871665958833335
1.5693823320000002;1.5948912248947367
1.4128453349999999;1.6746424579473682
2.015910292;5.5356531168947365
2.2975634570000003;5.266448396105263
2.4541407520000003;3.8385297202105253
2.532737761;3.57748715536842
2.613394542;4.5364623568421045
2.566136605;4.655551116999999
2.702685257;3.7012228754736842
3.001978118;5.486662536894737
3.574247084;5.6657374298947385
3.6224161599999998;4.739319838210526
3.761201677;5.639588527842106
3.962413224;5.356034740842106
3.123905029;5.440772742105264
3.366542547;5.7592143968947385
3.4273400769999998;5.6026220360000005
3.6221207599999996;5.753268843105264
3.4901990329999997;5.621048333157894
1.415789393;1.5859361333
1.507062659;1.6662634679999997
2.332421879;3.515233891549999
2.208454171;5.11354868485
2.180167929;5.197241400250001
2.527763286;5.38525862535
2.5039531999999998;3.771800894199999
2.547482939;4.437013385949999
2.527379409;3.64253070215
2.5496514269999997;4.5502561324999995
2.484086858;5.481813444350001
2.5072603950000003;5.507813578150001
2.380639735;5.3313613968
2.549672733;4.629837482949999
2.491245401;5.5901676710000014
2.512102453;5.596858799700001
2.48207173;5.292837691500001
2.5585750640000002;5.4504196874
2.920544286;5.486023130799999
1.525515566;1.5830589634285714
1.421287999;1.65459796947619
2.085854835;4.969372787238095
2.009647466;5.045451212904763
2.550404508;3.7136391615238087
2.392416822;4.447501879619047
2.586979882;3.4710313196666656
2.545502587;4.346941443142857
2.3113933;5.330841056523811
2.07772269;5.176426220285714
2.3343107;5.356694393476192
2.089741051;5.14030928004762
2.363009476;5.442865974761906
3.451046761;3.6334124192380957
3.55260529;5.297989418904761
2.452602575;5.307666491571429
2.4221449760000002;5.340124171047618
3.485687407;4.575354146
3.425076716;5.4870681017142875
1.2841584010000002;1.5694725742272728
1.297708307;1.6383757120909088
2.527183048;4.264225152454545
2.5529145619999998;4.859533776999999
2.736471534;5.181556787772727
2.71321909;3.66816552190909
2.6777065849999997;3.434971104454544
2.515685359;4.930461855909092
2.739067154;3.5927603617272728
2.756636109;4.370644344590908
2.600857377;5.206750889272728
2.497204412;5.054643410818182
2.663362552;4.488445437181817
2.839309809;5.242267821454547
2.395222644;5.015532614772728
2.522330149;5.3101143463181835
2.657771641;5.358463717136365
2.4947520009999997;5.179806742
2.48049562;5.210141055090908
1.3563119;1.560204718826087
1.381177839;1.6271931958695651
2.2802018619999997;5.055410921434782
2.334665159;3.6101872452608683
2.3189719159999997;4.749074565652173
2.314277414;4.81671470626087
2.615458952;4.19253966547826
2.7322142869999997;3.5553453150000003
2.813368567;3.4079449071739116
2.640620448;4.295425914304348
2.256036443;4.932964847
2.626676617;5.094573747000001
2.591032125;4.40594920621739
2.6829186060000003;5.130991768608697
2.165702785;4.891626970000001
2.3565112509999997;5.227944044695653
2.533703048;5.189400811608698
2.4477964940000003;5.06102368773913
2.4322682380000002;5.089363976086956
1.263867205;1.5478573224166665
1.301524273;1.6136236574166665
2.205822804;3.3578564862083318
2.233744957;4.93784150625
2.05355696;4.636761332083332
2.2209828550000004;4.110391465041666
2.3115869790000003;4.712334384291668
2.485009716;3.5107479983750003
2.4192000159999996;4.217249835208333
2.8897562779999997;3.5801692882916654
2.5899048000000002;4.990212540875
2.544798799;5.023233728208335
2.3298517750000003;4.824501802333333
2.6449188319999997;4.332572940624999
2.221675299;4.780378983708334
2.437111742;5.111659365416668
2.336393439;4.974656870374999
2.522018959;5.078259901083334
2.46095003;4.952687285333334
1.3086807280000001;1.5382902586399998
1.275171816;1.6000855837599997
2.3040349289999997;3.5291239139199986
2.367697768;4.040683717159999
2.5149248760000003;4.84092484104
2.2978774509999997;4.5432059768399995
2.4585131660000004;3.4686586050800003
2.50755303;4.148861963
2.4291985709999997;4.88777198208
2.49130749;4.921956678680002
2.804138167;4.636006535600001
3.076541103;3.3466038708799983
2.618837022;4.264023503879999
2.738778878;4.74107288536
2.277447635;4.680261729760001
2.433008361;4.8519001283600005
2.732546699;5.016494858760001
2.872556383;4.990031760360001
2.866917457;4.89034729384
1.3366631230000001;1.5305353688076921
1.400651833;1.592415054884615
2.153834288;4.737575204384615
2.304359711;3.30651755703846
2.164564735;4.451719775230769
2.3572446100000004;3.484051632999998
2.456219573;4.083760332615385
2.499208079;3.431372046384616
2.358558661;4.790494546653847
2.607271108;4.557978249923078
2.136395775;4.6408929965
2.573274639;4.831622754076925
2.58236697;4.199344406423076
3.1790500649999998;4.007543961307691
2.349332863;4.5906106195000005
2.5560686329999998;4.921863080846155
2.8774392659999997;4.775959325961539
2.861388333;4.812310410730769
3.013419536;4.914008213269232
1.3889696530000002;1.5252921941481483
1.319168722;1.582294820333333
2.25862034;4.6457620612592585
2.134286828;4.365888925333333
2.342749941;3.441781199962961
2.315470945;4.018268133074074
2.537104824;3.2780207891481465
2.4155123549999997;3.393747613370371
2.481109478;3.951009350814814
2.330361143;4.4754739126296315
2.34410926;4.699887684185186
2.131337205;4.5479464857037035
2.518084443;4.745936149962965
2.536480342;4.13775684848148
2.296732938;4.824636038518519
2.085574125;4.497831490074074
2.428553055;4.82195431851852
2.44444179;4.68960682462963
2.429809273;4.7240696278518515
1.459642116;1.5229475485
1.2994893079999998;1.5721946234642854
1.695964972;4.270534498428571
2.059770156;3.3924236626785698
2.139802552;4.5562635073571425
2.068854886;4.605922227107143
1.950837989;4.455192610821428
2.2190018129999998;4.655688495071431
2.218888784;4.7315736365714285
2.1106833750000003;4.41257620025
2.519397482;4.739720145785715
2.520521647;4.645371485678571
3.914707858;3.4123533363928575
3.743849665;4.449344475214287
3.65880329;4.120651364249999
4.214381105;3.9604154848928563
4.315863019;3.315086583071427
4.150959899;4.023007124714286
3.146268478;4.634487597964286
1.335397665;1.516480311137931
1.3088535879999998;1.5631138981034478
2.0941529439999997;4.195486858620689
2.23904117;3.9614910573103446
2.477726013;3.3608823644137913
2.6347287219999997;3.385538694517242
2.77476022;4.494832359517241
2.4109947590000003;4.379056553965519
2.723765035;3.2946961848620675
2.711707428;3.9173565863793094
2.625165989;4.53762028786207
2.4152255730000003;4.384848919862069
2.775784736;4.590864227517243
2.789021564;4.074733095275861
2.585420575;4.657568358586207
2.351164728;4.341493046034483
2.6494235699999997;4.56603711424138
2.638929087;4.57618381675862
2.7926470500000002;4.672579694206897
1.299140711;1.5092356578000001
1.6403031590000001;1.5656868734666662
2.1318005240000004;4.416064631666666
2.11324645;3.2553145270333324
2.2566214369999997;3.3479081192666675
2.245514562;4.307938487566669
2.381077156;4.1350065352
2.7553026879999996;3.340696375199998
2.817342704;3.8806894569666657
2.847043667;3.924342810966666
2.324504379;4.3161707685
2.6392493480000003;4.474341256533334
2.598970261;4.025541000799999
2.8950865610000003;4.534338305300001
2.669088343;4.2857462226
2.8379634559999998;4.611425819600001
2.829082053;4.508138612200001
3.06926105;4.604624781633333
2.804552798;4.517129449466666
1.278925632;1.5018063021290324
1.2634999789999999;1.5559389091290319
2.08891698;4.340995352580644
2.46435812;3.2297998042258054
2.33954067;4.077088281483871
2.2633261080000002;4.241983249516131
2.5047187720000004;3.3137293557419336
2.5998719759999998;3.323777921096775
2.6073797759999997;3.8396149511290316
2.57635639;3.8808593780322576
2.437735906;4.408644309741936
2.481849945;4.46812900335484
2.640438803;3.9808602847419343
2.601664949;4.26086412916129
2.3544997910000003;4.223447950612903
2.751689816;4.544852685967743
2.655424601;4.5483290060967745
2.6044046049999996;4.446727837774195
2.553575041;4.453788984677419
1.403608522;1.4987376215000001
1.287331551;1.5475449291874996
1.911553515;3.1886046076874988
2.066931049;4.269930843093749
2.0501609899999997;4.013746803625
2.2910133249999998;3.2817694797812482
2.3570086540000004;3.793283504343749
2.3405093569999997;3.8327234398749996
2.24117269;4.179457919531252
2.409811107;4.34618077215625
2.3654948759999996;3.930380115718749
3.277329591;3.3223264107812507
2.315838725;4.1638351623125
2.8509579229999997;4.21680456021875
3.205355345;4.428667326531251
2.626061451;4.4882581450000005
2.6317015350000004;4.396848751874999
2.71831679;4.392714992531251
2.974967109;4.495793761687501
1.3629976730000002;1.494624289727273
1.308894689;1.5403131037272724
2.003743306;4.201258493484847
2.201948473;3.1587059369393926
2.106376721;3.955947710212121
2.135079535;4.117507059393941
2.426140798;3.7518549374848478
2.455281721;3.2567243961818164
2.426234233;3.7901025548181817
2.50926638;3.2976882280303035
2.373819717;4.2864122553333335
2.383907105;4.366704895575758
2.301079149;4.158752275030303
2.493567762;3.8868403474242412
2.488140096;4.434955771818182
2.60269348;4.116527838606061
2.766852622;4.436094341272727
2.7640813470000003;4.347370951727272
2.810568352;4.344771154939394
1.4938470419999998;1.4946014295
1.336444489;1.5343169679999997
2.223986387;4.14310343152941
1.9869842509999998;3.898037020235294
2.13990429;3.128741182617646
2.3472825950000002;3.7105439862352934
2.1270840840000003;4.058965207176472
2.35781887;3.747976564088235
2.632892176;3.2383763897058806
2.788906853;3.2827240699411773
3.083204695;4.2510237976764715
2.754346113;4.117446211441177
2.9884709259999997;4.326168602352942
2.411404885;4.0663771635
3.355500821;3.871212714294116
2.723344403;4.299605464999999
2.800788136;4.299359889676471
3.0906709890000004;4.395417984088235
2.927830389;4.391733636794118
1.337411769;1.4901102963428572
1.423938834;1.531163307028571
1.8469597;3.1986216271428556
2.106111402;3.6647030552571422
1.972088162;3.9993401487428586
2.477147714;4.095504696742856
2.443936759;3.1091753419428563
2.511533567;3.858422635857142
2.090240644;4.059526052371429
2.794423773;3.268772632885715
2.44132899;4.272316042
2.4174336309999997;3.8296761690571413
2.071057412;4.009368027742856
3.2880922470000002;3.7348370121714285
2.580831788;4.339993583971429
3.539714492;4.230700674657143
2.947639803;4.3540528931999996
2.750147114;4.255096667514286
2.765640469;4.255777893685713
1.280427475;1.484285773527778
1.561676415;1.5320108933611107
1.9211510379999999;3.8046095359166663
2.275269936;4.044942620055554
1.983615446;3.94334779588889
2.3626585700000002;3.1754004311111093
2.421346935;3.0900689973055546
2.375121889;3.628881356194444
2.3236174999999997;3.2425183236388895
2.375607108;3.6970806259444444
2.251503241;4.175722968166667
2.100074953;4.005096855166666
2.303638362;3.7872862299722203
2.449009377;4.221668634638889
2.196053406;4.294108463
2.1805644120000003;3.958567927305555
2.429436874;4.286922564250001
2.530771115;4.2071987355
2.4901061799999997;4.206731457194444
1.388704051;1.48170248372973
1.285244986;1.5253415445135132
1.7789389860000002;3.983699278594594
2.185981921;3.7608628436216214
2.309271507;3.0689663624324317
2.2606550590000003;3.8978696138108115
2.523095173;3.1577705592702685
2.511294647;3.6650323562432434
2.601698222;3.6011196498648648
2.754547226;3.229329915594595
2.674819298;4.135158004108108
2.615292134;3.7556107138648627
2.8054922390000003;3.9726751087837835
2.6621831240000002;4.250002372756756
2.4431611870000003;3.9176109883783776
3.2297553550000004;4.194860167621622
2.5625372349999997;4.240317555351353
2.506791197;4.161241775
2.5577053139999997;4.162163183054053
1.433354486;1.480430168
1.2742592130000001;1.5187341147368418
1.544628533;3.919513206342105
1.8241115519999997;3.554356278868421
1.7467247259999998;3.707859208947368
1.9534491539999999;3.6199906930263155
2.403471304;3.720028097815787
3.2848652780000003;4.1127818797368425
3.593693643;3.1692422193684195
2.888033294;4.214161081210526
2.6069829369999997;3.883120776499999
2.885553762;4.204665876578948
2.917518924;4.129409386763157
3.518668222;3.9607275591315787
3.856057251;3.8967692884736853
4.2575489509999995;3.1002448516052623
4.136759313;3.253209636578948
3.8086669110000004;4.18469718718421
3.0867842609999996;4.132966577263158
1.596642425;1.4834099694615386
1.609351072;1.5210576264615383
1.833012428;3.067751712538461
2.127913487;3.6673477801794867
2.314396725;3.522562444153846
2.39320658;3.149343869641024
2.1926041460000003;3.8530727463589756
2.681683953;3.8877739947179486
2.451169089;3.232644494333334
2.408826102;3.588935190692308
2.087223599;3.912688996051282
2.366854901;4.138085846512821
2.885292405;4.081307790641026
3.2643943920000003;3.7083451822820495
2.840834738;4.178947585230769
2.795630521;4.095209928666666
2.804503839;3.855463931948717
3.083463631;4.175917101051283
3.126454602;4.107158577897436
1.412760895;1.4816437426
1.3096473610000001;1.5157723698249999
1.9128061680000001;3.83839979905
1.9357327869999998;3.0394512393999995
2.329688012;3.6339062859749993
2.475313103;3.1324931004749983
2.271308514;3.8135286405500013
2.6428160259999998;3.5005687836999995
2.5575726650000004;3.5631511275500003
2.746182217;3.220482937400001
2.7102943930000003;4.0470324557
2.378531561;3.8743350601749995
2.576555174;4.0990475797000006
2.6802823829999998;3.682643612299998
2.455971564;4.1358731847
2.344258631;3.8176837994249992
2.558926394;4.0684527733
2.690331414;4.138777458875001
2.679490811;4.059816950724999
1.3681327470000002;1.4788751817317072
1.305556612;1.510645156219512
2.049139213;3.794759296951219
2.100643298;3.016553484731707
2.297300437;3.6013061433170726
2.405494376;3.4738596518048777
2.490870425;3.1168437669268276
2.45981828;3.2019301408780496
2.415898832;3.535169364243903
2.2905969919999998;3.7763839661951226
2.471538558;4.008605775268293
2.352211232;3.837210088756097
2.5454113499999997;3.654906240048778
2.9964711939999997;4.0721554727317075
2.996477422;4.108083044146341
3.075947394;3.7995926675853653
3.456070703;4.122126074585367
3.4537702479999997;4.045035323829268
3.443258758;4.053204138780488
1.27446507;1.4740082743095237
1.296682432;1.5055508056428568
1.8788051970000001;2.989464239785714
1.950954901;3.7508591922857137
2.22261191;3.444068038904762
2.124216293;3.5661373373571417
2.217991769;3.7392793900714296
2.483059821;3.5101191370238105
2.619645696;3.18806622552381
2.84257501;3.1103135584285697
2.7614059710000003;3.9789105418333333
2.5204984130000003;3.8058598107619046
2.720313478;4.039968758571429
2.8258760400000003;3.6351674257619027
2.3300706350000002;3.764604047761904
2.6142724480000004;4.072516125190477
2.551182866;4.084722664857144
2.639668478;4.0195485278095235
2.705083298;4.013131704166666
1.347337422;1.4710624405348838
1.337320921;1.501638482744186
1.947049116;3.7089101207441852
1.9579105300000001;2.9654746186279066
2.098840525;3.412783678116279
1.9940776390000001;3.529577809488371
2.16740851;3.478893308488373
2.2886347639999998;3.167149214790698
2.07145643;3.7004928096046523
2.427655875;3.0944377983488356
2.304934774;3.9399808728139534
2.123586749;3.7667371814186046
2.3873531480000003;3.6061484890697653
2.441201728;4.0027881299534895
2.3843746219999997;4.033257020465117
2.14296346;3.726891475953488
2.321534752;4.043718294790699
2.3570436879999996;3.9746180293720927
2.328885502;3.9802307830232557
1.28585842;1.46685325825
1.457536546;1.5006361659999998
1.7814103190000001;3.665103307068181
2.181764971;2.9476630357272726
2.188465212;3.4990979777272724
2.430576535;3.3904607885
2.1822102979999998;3.665986388886365
2.46633412;3.1512215990000003
2.4239789220000003;3.454917981522728
2.612232765;3.0834785930454527
2.7928824420000002;3.9139104539318184
2.6694053859999998;3.741797822431818
3.05181456;3.981175094272728
3.1119301690000003;3.594916254522725
2.7817712890000004;4.004814162931819
2.669554059;3.7028610801136357
2.750002501;4.014315663113638
2.7764860039999997;3.9473877560681814
2.8392172;3.9542986561363636
1.312555292;1.4634244145555555
1.2642682170000001;1.4953835449111108
1.721926851;3.6219216080444436
2.152582637;3.362952385133333
2.266078764;3.0653141523999983
2.203475812;3.4703063740444438
2.537931098;2.9385578815555555
2.119174674;3.6316127952222232
2.369059689;3.1338402232222227
2.378300721;3.430993153511112
2.50559081;3.8826144618444447
2.152117749;3.7064715985777776
2.420967276;3.568828499444442
2.581225431;3.9500651017555564
2.46998346;3.9707068139777784
2.3047738559999997;3.6717924751333326
2.424879328;3.9203115599555556
2.6388936240000005;3.983750728911112
2.665679126;3.9189053420666657
1.3148175409999998;1.4601938303478261
1.315061833;1.491463507695652
1.661161771;3.392518558239131
2.665312733;2.932617769630435
2.438764118;3.8512264108913046
2.646894835;3.0562180802826076
2.926338972;3.6068002463913036
2.6436125329999998;3.4523347688043473
2.436905081;3.917170318695653
2.671990835;3.6107514482608707
2.471627694;3.679627165869565
3.102226876;3.3572844392826084
3.21686621;3.1356451359782618
3.000662613;3.556477067130433
2.6201270930000002;3.94134638526087
2.392435977;3.6439803773478254
2.649053743;3.954735577043479
2.6276016369999997;3.892209170326087
2.715496909;3.8927442891739124
1.658032195;1.464403157255319
1.536117343;1.4924135892978723
1.6684813870000001;3.5655594195957443
2.255078839;2.9182020477021275
2.159541993;3.4248285395319145
2.5591438920000003;3.5883768194042567
2.729742865;3.378416947744681
2.86681697;3.0521882694255305
2.758581962;3.8279786566595746
3.000899767;3.3497017866808507
2.5055479810000003;3.6546467576808515
3.00677891;3.1329033013829797
2.8298310449999997;3.5410165134680827
2.878627873;3.8950736709148943
2.6897602390000004;3.9147168927872347
2.446412247;3.618500204361702
2.6534532;3.927048717957448
2.750729554;3.8684461033191484
2.686047842;3.8665461633404252
1.305451964;1.4610916740625
1.3558488;1.4895684895208332
1.6829455;2.8924675362916665
2.2760004119999997;3.5386936069374997
2.167365037;3.033754452083332
2.186152685;3.3990227925624996
2.73453126;3.3368857340416667
2.7739290409999997;3.1254246709583344
2.792504597;3.3662104404375004
2.670726176;3.569259097666668
2.7683999519999998;3.8059041003125
2.594523757;3.6325608618333334
2.756210804;3.871347361187501
2.8436328349999997;3.526487686833331
2.534402513;3.885960343208334
2.43272273;3.593796506979166
2.591219659;3.899218945895834
2.555516221;3.8392330395416665
2.61964633;3.8424294413749993
1.373116162;1.4592962554489797
1.643086106;1.4927015021020407
1.87497856;3.5047402386326527
2.030041147;2.8748669977346935
2.2427399599999998;3.3145562284489793
2.231579359;3.3751974163673464
2.3644161880000003;3.020094487510203
2.372919346;3.1100674194285722
2.296239503;3.5432791059387765
2.396960032;3.7771501397346943
2.504568299;3.348625906938776
2.217162831;3.603675187734694
2.576043232;3.507090861224487
2.710442224;3.8476554196122454
2.481246431;3.8572927123469394
2.2785892210000003;3.5669555419591834
2.427537071;3.8691846219183677
2.409521308;3.8100552491020405
2.4905652540000003;3.8148403763265297
1.3835172279999999;1.4577806749000002
1.431180303;1.49147107812
1.628213796;3.4672097097799996
1.9446201959999998;3.3465858719599995
2.215581121;3.2925767263
2.4843880840000003;2.867057419459999
2.344639842;3.0065853945999987
2.033944291;3.5130924096400014
2.260212352;3.7468113839800004
2.368425151;3.32902189182
2.503524519;3.097936561420001
2.165071773;3.57490311944
3.250211084;3.5019532656799974
3.285342357;3.8364091583600004
2.824622142;3.836639300940001
2.657263107;3.5487616932599995
2.653277852;3.78691970116
2.8409860570000003;3.8486206506200005
2.7915203219999998;3.7943739752399988
1.32995038;1.4883040056078432
2.417709546;1.476602809627451
1.9396922429999999;3.4372583869019606
2.061192357;3.321382077549019
2.303663302;2.992802608470587
2.562592327;2.861087515686274
2.278468195;3.30842279972549
2.420657083;3.0846565716470598
2.171787518;3.4867923137254917
2.433902682;3.7210680760980392
2.768080159;3.282292479882353
2.2252757379999997;3.5484398374509802
2.627282754;3.4848028634901937
2.704212776;3.814209229294118
2.5666811390000004;3.8117381605098046
2.2875301450000003;3.5240316629019603
2.521464618;3.822597983313726
2.402852246;3.7597811236078433
2.521738019;3.7694203290392148
1.307094987;1.4733430438076924
1.51775778;1.4888704243461537
2.097886885;3.411501242634615
2.129212634;2.8470129987307686
2.2135747390000002;3.3000780902692304
2.398494878;2.9813736136538447
2.146700285;3.4610213131730783
2.462725775;3.266531581711538
2.3836979219999996;3.290639629
2.542367014;3.0742279263076933
2.4681232850000003;3.6969729839615386
2.192481446;3.522363714538461
2.431312985;3.4645434427499975
2.4786813189999997;3.78852600025
2.3181852640000002;3.7830159894230775
2.114129257;3.4969181550961537
2.3818957089999997;3.7948921703461544
2.364275955;3.742398321846153
2.313286855;3.7319639261346156
2.097941182;1.4851279143396228
1.949181736;1.4975555434339622
1.763214738;2.8265639749433955
2.126477924;3.387255519641509
2.092288332;2.9645984196603763
2.217274083;3.058058985867926
2.149394364;3.4362736348867937
2.418496132;3.6728507792075473
2.73344627;3.256473368283019
2.18116519;3.4970580819999997
2.665787496;3.288110343207547
2.3368549229999998;3.7611359799245285
2.969523785;3.2845808394905665
2.937828898;3.4546054324716957
2.2179119770000004;3.472785963056604
2.616067552;3.760998094377359
2.477471023;3.770035167566038
2.365811346;3.7061874623584905
2.451161102;3.718035355433961
1.288014545;1.4814776667592593
1.372994187;1.4952488516481481
1.523384445;3.3527393886296295
2.564372736;2.9571868329259248
2.518060112;3.2738501537407405
2.766026218;3.656057731777778
2.5964550859999997;3.4803802487407403
3.35796961;2.836404820037036
2.955344706;3.746213919296297
3.293671835;3.433632860814816
3.622591875;3.2632533406296296
3.793735249;3.2940096248518524
2.7130564610000003;3.4587168982037038
3.222693119;3.751029483722223
4.098926421;3.077334308740742
3.092767165;3.757493167518519
3.803814462;3.461072266351849
3.028394851;3.7052642349814806
2.979896385;3.6927376275925923
1.566585433;1.483025080690909
1.498196299;1.4953024416
2.175788075;3.3313402738363638
2.21820621;2.8251648453090903
2.018516477;3.251025905072727
2.163688501;2.9427595905272717
2.4811631980000004;3.4163152305818194
2.80464189;3.254914950618182
2.9913639020000002;3.288506975345455
3.21210509;3.079784686581819
2.8920647319999997;3.4696836029818177
3.097937683;3.4544698193818157
3.460754232;3.6525067590545457
3.278002946;3.737700992509091
3.039115287;3.738085589236364
2.67222327;3.444417014054545
3.262127203;3.7484865136181824
3.140264889;3.6826926687090906
3.229619745;3.696616153345454
1.297094047;1.4797048836607143
1.503918938;1.4954563076071428
2.065788138;2.811604546964285
2.22657143;3.3116122587678576
2.174625288;3.231804465482142
2.425583315;3.2401054571250003
2.501350131;2.934877278749999
2.239072998;3.395293047857144
2.447884361;3.273495857232143
2.62399095;3.0716455127142868
2.536294428;3.632574396
2.269134711;3.4482452299107136
2.55890465;3.438477584214283
2.622809826;3.7177922216785717
2.3856987800000002;3.713935824785715
2.127400078;3.4208988544821426
2.313695711;3.722865249285715
2.460241223;3.674538029589285
2.36960589;3.659244690517857
1.3352750679999998;1.477171027245614
1.3332619749999999;1.4926107929999999
1.730631542;3.2838757549649125
2.134256874;2.799721254456139
2.128012306;3.212439690754385
2.417908154;3.225680943035088
2.467393654;2.926675811649122
2.2255699960000004;3.3747715908070184
2.48922591;3.061427624947369
2.623091897;3.262085261438597
2.4465654210000003;3.430671899929824
2.514502802;3.6966818809824566
2.912153207;3.61993542777193
2.409098433;3.691043940719299
2.984060986;3.43050536319298
2.202009496;3.3995148306491223
2.649888483;3.704041095491229
2.5586738380000003;3.6549614648245607
2.4871888220000002;3.638682306859649
1.342068399;1.474841671586207
1.501358035;1.4927616075172412
1.699373866;3.2565567568793106
1.954741571;2.785152639224137
2.0405331920000003;3.1922344062931023
2.4719527290000003;2.9188357584999993
2.226846944;3.354979786551725
2.500595803;3.051758110775863
2.434019367;3.2478082632586207
2.6706943919999997;3.216112209396552
2.4970539840000003;3.60057540287931
2.223843556;3.4098645146896542
2.415293444;3.4130017094137908
2.5049335470000003;3.676134495913794
2.328025464;3.6675436221551734
2.1480989239999997;3.377938694327586
2.357640198;3.680827286913794
2.273628388;3.615146894465517
2.36163196;3.63266268025862
1.693160176;1.4785419852203392
1.851459382;1.4988412308135592
2.367469281;3.1782553363728807
1.993264192;3.385854339728813
2.388695759;3.3956405916101673
3.253362314;3.256502613779661
2.925917324;2.918955785033898
3.1522040689999997;2.791373849898304
2.775604949;3.5865928528135593
3.185420885;3.352105906864408
2.456239243;3.362316669728813
3.856711657;3.226969827152543
3.788475027;3.2569721067118644
3.8147750420000004;3.0646906011355943
3.4551457030000003;3.672388923152543
2.922204584;3.6679692750000013
2.842429453;3.619268896745762
2.756802861;3.6005986905084746
3.207224433;3.659741602000001
1.3332284110000001;1.4761200923166666
1.825611419;1.5042874006166664
1.491956049;3.2270935043666666
2.046083623;2.7789523461166654
2.028850422;3.1590985877999995
2.281183891;2.9083262534666665
2.389930687;3.213019174816667
2.266905613;3.2404709984833335
2.367240699;3.0530664361000013
2.178892019;3.3325523420666676
2.399320075;3.566804973183333
2.385139292;3.378798903283331
2.1936791199999996;3.3659847527333326
2.4295369850000004;3.651674724183334
2.368988826;3.638229055733334
2.072012541;3.340811600916666
2.3105191599999997;3.645345106416668
2.2516561029999997;3.5964753501833324
2.187934302;3.5770542840333333
1.496607735;1.4764559553114753
1.4807230319999998;1.5039010994918032
1.9035319199999998;2.7646011915901627
2.038362297;3.1937625046885247
2.049096477;3.1409018318852455
2.118379907;3.037743706114755
2.17147755;3.2229465157213117
2.077129428;3.311971638557378
2.25848172;3.5453570509999994
2.910775306;3.2219079601311478
2.153756945;3.3461121657213106
2.3621849229999996;3.3621331003278665
2.940744283;2.90885769657377
2.513977034;3.6330239423770494
2.413024354;3.6181437327540986
2.301315294;3.62331183080328
2.19032288;3.321951130081967
2.3139002019999997;3.556346840065574
2.4241210609999997;3.577256427409835
1.320328395;1.4739377688548387
1.563775859;1.5048668214193548
1.7431219620000002;3.1980565730645165
1.9746283290000002;2.7518596938064506
2.200469671;2.8974320832580642
2.0796167580000002;3.1237843306935478
2.2967676360000002;3.179294845516129
2.251490148;3.2072778646290323
2.34171411;3.0265174223064526
2.238404778;3.294656044032259
2.4662596199999998;3.5279522537258057
2.360005196;3.3302072145967734
2.582000196;3.3495503115483847
2.54185171;3.615424390241936
2.3937963960000004;3.5983961950645162
2.1507468579999998;3.3030607385967734
2.341021832;3.6026297340483886
2.396391247;3.5582102148225796
2.283940775;3.5358241615967745
1.234744887;1.4701410564444446
1.37873406;1.502864714095238
1.6350589210000002;3.17324708652381
2.080291761;2.7411998853492054
2.178456419;2.886019771126984
2.0775859449999996;3.1071780071111106
2.370832242;3.166462105777778
2.442120576;3.01724128188889
2.1980081129999998;3.3122358002857135
2.537562256;3.282638682317461
2.487917739;3.3358736040476167
2.8785370560000003;3.2020597565555553
2.905728073;3.518075679428571
2.6777012;3.6005398951587306
2.566318934;3.5820140163174607
2.278670229;3.286800571777777
2.5846735159999996;3.5864716988412715
2.587226214;3.542797770365078
2.543835335;3.5200783072063495
1.3892851350000002;1.468877682671875
1.568506816;1.5038903719374999
1.7430108930000001;3.150899646
1.975798269;2.729240485093749
2.164407874;3.1508050084062504
2.2658567560000002;2.876329724015625
2.271866183;3.18752548196875
2.342311419;3.006695502781251
2.177215298;3.2653664419375006
2.4235963820000004;3.0964970442187494
2.495195193;3.5020931718281245
2.2065625730000002;3.2949596561093744
2.5194200259999997;3.323116516890623
2.3693850050000003;3.5813031000000004
2.565149882;3.5661255142187507
2.45040234;3.5687206151093767
2.258629438;3.2707353978124996
2.4553198430000003;3.525805927749999
2.508683612;3.5042752650937503
1.480659703;1.469058944523077
1.711925101;1.5070909062307691
2.121355098;3.1349673174769235
2.2828675279999997;2.7223732088307684
2.347739075;2.868197560184615
2.625547159;3.142817300046154
2.175967248;3.082335047353846
2.3318638540000003;3.1743614569230774
2.364709333;3.4845949589230765
2.329713634;3.250971783353847
2.563309432;2.9998741786153857
2.4316640830000003;3.3094018640615364
2.151524824;3.2773683509999993
2.227446354;3.5455304502153853
2.5803352669999997;3.5659035948769238
2.170236721;3.5472054782769247
2.079951799;3.2524156501384613
2.300650292;3.5069573795076914
2.5167253730000003;3.4890821898307696
1.53140028;1.4700035102121212
1.42718396;1.5058801949242422
2.0048494310000002;3.11784431919697
2.186398493;2.7142523798030296
1.8482502490000001;3.0636367928333326
2.131942064;2.8570421738787877
2.16923117;2.9872886784848496
2.019291906;3.2323099670303037
2.282887493;3.2938486160151492
2.080907084;3.259240149984848
2.4225655070000003;3.468503603590909
3.084402261;3.1729984388030306
3.5633924919999997;3.1491896514393938
2.15163497;3.2357371549848484
2.6975020180000002;3.532681534575758
2.429506393;3.5302706436515168
2.3313221750000004;3.4891447248939387
3.12339255;3.559198882075758
2.300128054;3.4710677332272732
1.4826671569999998;1.4701925198656716
1.5116657169999999;1.5059665459999998
1.8737563949999998;3.1301533341791044
2.076508449;2.704733813671641
2.173271112;3.1037462116268664
2.2274430940000003;2.847645172686567
2.034691053;3.0482793937313426
2.238455837;3.1590500417611946
2.268646949;2.9765626825223888
2.095725679;3.2153460224328363
2.3231252589999998;3.2793602077014903
2.047493747;3.2411543827761187
2.456905441;3.4534051235522387
2.312840024;3.540596511059702
2.310985501;3.514447265417911
2.276255089;3.511553993582091
2.16853762;3.219808803716418
2.298514043;3.4713741177014916
2.3744115630000002;3.4546997306865674
1.6202704039999998;1.4723995475735292
1.4587921670000001;1.5052728051323527
1.7077979399999998;2.6900729919999993
1.806646086;3.1106899922941174
2.1893263910000003;3.1447893998382357
2.202598535;2.96518085682353
2.2033080679999997;3.0358533448235288
2.089138916;3.198784153220589
2.2881846169999998;3.436269527867647
3.167919151;2.8523550841323524
3.318924394;3.1069105966617654
3.0123755890000004;3.275433963308821
2.808055712;3.23478528467647
2.608396592;3.501122990808824
2.242278337;3.2054333556764703
3.1168077910000003;3.5343643240000007
2.2683439090000004;3.437253321544118
2.418032552;3.455883800558823
2.995376486;3.5039631478823545
1.564865178;1.473739629173913
1.505363358;1.5052741174927533
1.508080272;3.087463764463768
2.029932193;3.0913022140000006
2.089892415;2.841304900521739
2.262973323;3.132009456695653
2.215263127;2.954312483927537
2.2421010729999997;3.024349688710144
2.4669653680000003;3.1881780838695657
2.2634514720000003;3.2207079830434777
2.604680332;3.265712896188403
3.239203866;2.6980314104637673
2.751909467;3.4263512661159417
2.6062123489999998;3.5209128461014503
2.0690019819999996;3.1889633357681157
2.351487521;3.4872606025652186
2.294148601;3.4206865864637686
2.4180792849999997;3.4408431554057963
3.00723362;3.49396517384058
1.509005405;1.4742434259714285
1.6537536;1.5073952529571426
1.9640669870000003;2.687546204414285
2.443818243;3.078268828442857
2.237076878;3.0790989949142866
2.265598148;2.833080518342857
2.170744723;3.012155332057142
2.331507167;3.120573709700001
2.417371072;2.9466418923285724
2.3865324340000003;3.1767260031571434
2.572528117;3.4141537925571424
2.334343571;3.2080456342999994
2.690875904;3.2575009391571403
2.7733563549999998;3.5102334676571436
2.661215206;3.4820687457285717
2.4723587769999997;3.4727620050571444
2.341508951;3.176856844557143
2.494878386;3.4273293729857137
2.3988816010000003;3.406089372385715
1.521628502;1.4749108214084505
1.508651238;1.5074129428873237
1.551080966;3.0567591402394365
1.920233245;2.676738979633802
1.93178873;3.0629396954084513
2.0218619060000003;3.105098895563381
2.1809847060000003;3.2423387386901386
3.149356834;2.8375351143380283
3.101047237;3.013407330718309
3.244769023;2.950840866000001
3.0699947499999998;3.175222746070423
2.8587869660000003;3.20312649812676
3.2021161969999996;3.4111673475492954
3.032456024;3.5035042078873246
2.871424917;3.4734681284225357
2.555630383;3.459844658267607
2.336032313;3.3910181461971836
2.423538154;3.1662467221549293
2.5139356669999997;3.414464672901408
1.652061029;1.477371240958333
1.58335718;1.508467723958333
1.541584024;3.0418097555277783
1.9302413179999998;2.9983633583194433
2.6286507219999997;2.6760710871666658
2.1226181900000003;3.160603238347223
2.245242441;3.394973946069444
3.0178190679999997;3.0562183059027777
2.139220314;3.1883500233472217
3.067640276;2.840731019361111
2.963446395;3.103131499722223
2.549650928;3.4902562456666675
2.8246793470000005;3.2365379138055532
3.117111367;2.95315017851389
2.4794806410000003;3.4596627466527785
2.0683603280000002;3.150998300013889
2.42078679;3.4454132989861126
2.428130028;3.4007655806111106
2.7217986329999997;3.3817234307361113
1.6374871720000002;1.4795646098767121
1.58928803;1.509574851438356
1.795360296;2.664006555780821
1.9381650529999999;2.8283671020136985
2.647227488;3.050615691958904
2.142256907;2.94204205150685
2.230583538;3.379023392534246
2.184891533;3.147237324575343
2.48710035;2.9913597554657523
2.4017580400000003;3.225102573068491
2.167845975;3.174370515835616
2.388595081;3.444990586849316
3.531965122;3.0485242126027403
3.0412399569999997;3.4841053376027404
3.629865101;3.11034702850685
2.559815797;3.4332818263561657
2.411299284;3.140865436780822
2.482551517;3.3881873057671226
2.381107932;3.368016369109589
1.298898958;1.4771231821486484
1.432852929;1.5085380687027026
1.602404383;3.031045268864865
2.009880598;2.65516701581081
2.124510402;3.0360375394864874
2.188279369;3.0978866547297303
2.0695165820000003;2.9789024152837826
2.02503653;3.1320724489729734
2.23238301;2.9324520644594605
2.567073657;2.8248361095135137
2.5621541160000003;3.2161438101351325
2.7364616180000003;3.3703401253108103
2.563293683;3.166112720797297
2.712965605;3.473684530405406
2.591935202;3.433462811378379
2.43980846;3.1313916938513513
2.641314816;3.4225795694594607
2.69745129;3.3788530352837833
2.586375279;3.357453651675676
1.412123315;1.476256517253333
1.4124563909999999;1.5072569796666666
1.7635618789999998;3.014145490333333
2.237213394;2.6495943008533325
2.3187525059999996;2.8180883281333333
2.3535403689999996;3.0269375772133342
2.181704165;2.9682731052799993
2.324105159;3.0875695681200006
2.167797364;3.1192154478400003
2.494361391;3.358660408853333
2.7936846209999997;2.930601831880001
2.501461651;3.157250706533333
2.7392785020000003;3.209785606026664
2.666350531;3.46292007708
2.616951217;3.4225759901200004
2.25569472;3.1197157341999997
2.490071549;3.4101461291866677
2.436021051;3.3662819421599997
2.3207128860000004;3.343630441466667
1.339681648;1.4744594794999997
1.322524189;1.5048262850526317
1.837862133;2.9986680777368417
2.146026473;2.6429684083815785
2.1895857409999997;2.8098185572500003
2.037578278;2.9560271207105258
2.278818715;3.0170939079736847
2.309745972;3.0773350471184218
2.320255756;2.922570962460527
2.827989964;3.3516779029999997
3.005935637;3.1177249240131584
2.8890675249999997;3.153721980460526
3.1436782790000004;3.2089157727763133
3.123907838;3.4584593897236844
3.068865339;3.4179219026052636
2.673691705;3.113846996973684
2.8914677540000002;3.403321413723685
2.91368773;3.360326755157894
2.803649882;3.3365254341052633
1.2521537390000002;1.4715723919610386
1.343021182;1.5027249200779222
2.179391302;2.9880281196103895
2.2328659330000002;3.006909129077923
2.106709994;2.9449970281558437
2.2435566060000003;3.0665067556753254
2.4119492289999998;2.804651423116883
2.30049494;3.338026176207792
2.209684635;3.105932192987013
2.6348738210000002;3.2014606824935044
2.4126745609999998;3.1440979879999995
3.2199890460000002;2.6504621828961032
2.894814093;2.922210483636365
2.579983454;3.447050611337662
2.506729225;3.406088231467533
2.089015023;3.1005374908181818
2.2648071840000004;3.3885355146363647
2.161070258;3.3212597824675325
2.296192921;3.346506835233766
1.3906408799999999;1.4705348084743586
2.399757029;1.5142253317307692
2.381508589;2.647014059897435
2.507523431;2.8008420898846156
2.5117917889999997;2.939443114833333
2.65300717;3.0612054789358982
2.9128799610000002;2.922090861551283
2.844085561;3.1025751848846155
2.792164809;3.1395860241666664
3.188247829;3.336105940987179
3.1731707150000004;3.2010979906025616
4.060007441;3.0017714442435897
3.185830191;3.4437016315897435
3.8186153210000002;3.0173156187179493
3.0464556590000003;3.4014775574615395
2.611746166;3.094270935371795
2.8148956210000002;3.381181157025642
2.633935658;3.312447934717949
2.7699482;3.3391150578589737
1.3721432850000002;1.4692893461518985
1.391801579;1.5126756639746837
1.9552975390000003;2.988524939113924
2.823275309;2.6492452149493664
2.934276712;2.8025311357341773
2.9535336589999996;3.016508252139241
3.0153541049999997;2.9232714089367096
3.033446699;2.9406330336202524
2.906543747;3.100093774278481
3.198563744;3.0629441911518995
2.813544914;3.135458921506329
3.182040472;3.200856756189871
3.379256527;3.3366521509367084
3.225095011;3.440934459177215
2.975178024;3.396081360835444
2.535298596;3.0871953361392404
2.851864352;3.374480944303799
2.857845707;3.3330230407594934
2.735186995;3.30514083421519
1.3068473329999999;1.4672588209874997
1.407989173;1.5113670828375
2.583326079;2.9834599533625
2.538881682;2.7992355175625003
2.641055867;2.6491428480999994
2.41830849;3.0915714582250002
2.607148365;2.9364644752624995
2.81553562;3.0139960942375006
3.215036473;3.0648453446750006
2.644025344;3.1293160017875
3.030923827;3.198732594574998
3.155046484;3.3343820801
3.2721389330000004;2.927632252987501
3.047829188;3.4360206432875
2.747654098;3.387976020050001
2.341699264;3.0778766352374998
2.683240604;3.3658404400500013
2.5024008159999998;3.2951065839875
2.66049928;3.32461649375
1.406331113;1.466506627061728
1.494647976;1.5111606741111112
2.147002773;2.9731333215061726
2.6193823160000003;2.797015107666667
2.198021902;3.080539982222222
2.481135502;2.9308431299135798
3.00969576;2.653594118617283
2.796082176;3.0615272808641985
2.373908764;3.1199899865061727
2.994391945;3.013754067703704
2.8749338749999995;2.926981655728396
2.5180689750000003;3.424687906641975
2.8821607709999997;3.194824300456788
3.091193719;3.331379754654321
2.683244882;3.3792756356296305
2.54573601;3.355715694000001
2.535664126;3.3148763410617277
2.478770597;3.0704802643950613
2.415040673;3.284241572740741
